10
208
214
223
303
421
422
598
599
600
814
815
835
836
837
838
839
840
841
842
843
859
867
1114
1115
1116
1117
1118
1119
1120
1121
1149
1150
1171
1538
1539
1540
1541
1542
1543
1544
1545
1546
1557
1558
1559
1560
1561
1562
1563
1578
1579
1601
1626
1961
1962
1963
1964
1965
1966
2008
2009
2010
2011
2017
2018
2019
2020
2044
2046
2447
2448
2449
2450
2451
2452
2453
2454
2455
2456
2457
2458
2508
2573
2985
2986
2987
2988
2989
2990
2991
2992
3023
3024
3025
3026
3027
3028
3097
3156
3192
3780
3781
3782
3783
3784
3785
3786
3787
3788
3793
3794
3795
3796
3797
3798
3857
3858
3916
3933
4770
4771
4772
4773
4774
4775
4776
4777
4778
4779
4780
4814
4815
4816
4817
4818
4819
4820
4821
4822
4823
4824
4825
4826
4827
4887
4888
4889
4890
4891
4968
4978
4979
5964
5965
5966
5967
5968
5969
5970
5971
5972
5973
5974
5975
5976
5977
5978
5979
5980
6191
6192
6193
6194
6195
6196
6197
6198
6199
6200
6353
6369
7554
7555
7556
7557
7558
7559
7560
7561
7562
7563
7564
7565
7566
7567
7568
7569
7570
7571
7572
7573
7574
7575
7576
7577
7578
7579
7580
7581
7582
7583
7940
7941
7942
7943
7944
7945
7946
7947
7948
7949
7950
7951
7952
7953
7954
7955
7956
7957
7958
8142
8149
8150
9531
9532
9533
9534
9535
9536
9537
9538
9539
9540
9541
9542
9543
9544
9545
9546
9547
9548
9549
9550
9551
9552
9553
9554
9555
9842
9843
9844
9845
9846
9847
9848
9849
9850
9851
9852
11564
11565
11566
11567
11568
11569
11570
11571
11572
11573
11574
11575
11576
11577
11578
11579
11580
11581
11582
11583
11584
11585
11586
11587
11588
11589
11590
11591
11592
11593
11594
11595
11596
11597
11598
11599
11600
11601
11602
11603
11604
11605
11606
11607
11608
11609
11610
11611
11612
11613
11916
11917
11918
11919
11920
11921
11922
11923
11924
11925
11926
11927
11928
11929
11930
11931
11932
11933
11934
14288
14289
14290
14291
14292
14293
14294
14295
14296
14297
14298
14299
14300
14301
14302
14303
14304
14305
14306
14307
14308
14309
14310
14311
14312
14313
14314
14315
14316
14317
14318
14319
14320
14321
14322
14323
14324
14325
14326
14327
14328
14329
14330
14331
14332
14333
14334
14335
14336
14337
14338
14339
14340
14341
14342
14343
14344
14345
14346
14347
14348
14349
14350
14351
14352
14353
14354
14355
14356
14817
14818
14819
14820
14821
14822
14823
14824
14825
14826
14827
14828
14829
14830
14831
14832
14833
14834
14835
14836
14837
14838
15000
17843
17844
17845
17846
17847
17848
17849
17850
17851
17852
17853
17854
17855
17856
17857
17858
17859
17860
17861
17862
17863
17864
17865
17866
17867
17868
17869
17870
17871
17872
17873
17874
17875
17876
17877
17878
17879
17880
17881
17882
17883
17884
17885
17886
17887
17888
17889
17890
17891
17892
17893
17894
17895
17896
17897
17898
17899
17900
17901
17902
17903
17904
17905
17906
17907
17908
17909
17910
17911
17912
18676
18677
18678
18679
18680
18681
18682
18683
18684
18829
21695
21696
21697
21698
21699
21700
21701
21702
21703
21704
21705
21706
21707
21708
21709
21710
21711
21712
21713
21714
21715
21716
21717
21718
21719
21720
21721
21722
21723
21724
21725
21726
21727
21728
21729
21730
21731
21732
21733
21734
21735
21736
21737
21738
21739
21740
21741
21742
21743
21744
21745
21746
21747
21748
21749
21750
21751
21752
21753
21754
21755
21756
21757
21758
21759
21760
21761
21762
21763
21764
21765
21766
21767
21768
21769
21770
21771
21772
21773
21774
21775
21776
21777
21778
21779
21780
21781
21782
21783
21784
21785
21786
21787
21788
21789
21790
21791
21792
21793
21794
21795
21796
21797
21798
21799
21800
21801
21802
21803
21804
21805
22481
22482
22483
22484
22485
22486
22487
22488
22489
22490
22491
22492
22493
22494
22495
22496
22497
22498
22499
22500
22501
22502
27300
27301
27302
27303
27304
27305
27306
27307
27308
27309
27310
27311
27312
27313
27314
27315
27316
27317
27318
27319
27320
27321
27322
27323
27324
27325
27326
27327
27328
27329
27330
27331
27332
27333
27334
27335
27336
27337
27338
27339
27340
27341
27342
27343
27344
27345
27346
27347
27348
27349
27350
27351
27352
27353
27354
27355
27356
27357
27358
27359
27360
27361
27362
27363
27364
27365
27366
27367
27368
27369
27370
27371
27372
27373
27374
27375
27376
27377
27378
27379
27380
27381
27382
27383
27384
27385
27386
27387
27388
27389
27390
27391
27392
27393
27394
27395
27396
27985
27986
27987
27988
27989
27990
27991
27992
27993
27994
27995
27996
27997
27998
27999
28000
28001
28002
28003
28004
28005
28006
28007
28008
28009
28010
28011
28012
28013
28014
28015
28016
28017
28018
28019
28020
28021
28022
28023
28024
28025
28026
28027
28165
33791
33792
33793
33794
33795
33796
33797
33798
33799
33800
33801
33802
33803
33804
33805
33806
33807
33808
33809
33810
33811
33812
33813
33814
33815
33816
33817
33818
33819
33820
33821
33822
33823
33824
33825
33826
33827
33828
33829
33830
33831
33832
33833
33834
33835
33836
33837
33838
33839
33840
33841
33842
33843
33844
33845
33846
33847
33848
33849
33850
33851
33852
33853
33854
33855
33856
33857
33858
33859
33860
33861
33862
33863
33864
33865
33866
33867
33868
34575
34576
34577
34578
34579
34580
34581
34582
34583
34584
34585
34586
34587
34588
34589
34590
34591
34592
34593
34594
34595
34744
34745
40178
40179
40180
40181
40182
40183
40184
40185
40186
40187
40188
40189
40190
40191
40192
40193
40194
40195
40196
40197
40198
40199
40200
40201
40202
40203
40204
40205
40206
40207
40208
40209
40210
40211
40212
40213
40214
40215
40216
40217
40218
40219
40220
40221
40222
40223
40224
40225
40226
40227
40228
40229
40230
40231
40232
40233
40234
40235
40236
40237
40238
40239
40240
40241
40242
40243
40244
40245
40246
40247
40248
40249
40250
40251
40252
40253
40254
40255
40256
40257
40258
40259
40260
40261
40262
40263
40264
40265
40266
40267
40268
40269
40270
40271
40272
40273
40274
40275
40276
40277
40278
40279
40280
40281
40282
40283
40284
40285
40286
40287
40288
40289
40290
40291
40292
40293
40294
40295
40296
40297
40298
40299
40300
40301
40302
40303
40304
40305
40306
40307
40308
40309
40310
40311
40312
40313
40314
40315
40316
40317
40318
40319
40320
40321
40322
40323
40324
40325
40326
40327
40328
40329
40330
40331
40332
40333
40388
40389
40390
40391
40392
40393
40394
40395
40396
40397
40398
40399
40400
40401
40402
40403
40404
40405
40406
40407
48517
48518
48519
48520
48521
48522
48523
48524
48525
48526
48527
48528
48529
48530
48531
48532
48533
48534
48535
48536
48537
48538
48539
48540
48541
48542
48543
48544
48545
48546
48547
48548
48549
48550
48551
48552
48553
48554
48555
48556
48557
48558
48559
48560
48561
48562
48563
48564
48565
48566
48567
48568
48569
48570
48571
48572
48573
48574
48575
48576
48577
48578
48579
48580
48581
48582
48583
48584
48585
48586
48587
48588
48589
48590
48591
48592
48593
48594
48595
48596
48597
48598
48599
48600
48601
48602
48603
48604
48605
48606
48607
48608
48609
48610
48611
48612
48613
48614
48615
48616
48617
48618
48619
48620
48621
48622
48623
48624
48625
48626
48627
48628
48629
48630
48631
48632
48633
48634
48635
48636
48637
48638
48639
48640
48641
48642
48643
48644
48645
48646
48647
48648
48649
48650
48651
48652
48653
48654
48655
48656
48657
48658
48659
48660
48661
48662
48663
48664
48665
48666
48667
48668
48669
48670
48671
48672
48673
48674
48675
48676
48677
48678
48679
48680
48681
48682
48683
48684
48706
48707
48708
48709
48710
48711
48712
48713
48714
48715
48716
48717
48718
48719
48720
48721
48722
48723
48724
48725
48726
48727
48728
48729
48730
48731
55614
55615
55616
55617
55618
55619
55620
55621
55622
55623
55624
55625
55626
55627
55628
55629
55630
55631
55632
55633
55634
55635
55636
55637
55638
55639
55640
55641
55642
55643
55644
55645
55646
55647
55648
55649
55650
55651
55652
55653
55654
55655
55656
55657
55658
55659
55660
55661
55662
55663
55664
55665
55666
55667
55668
55669
55670
55671
55672
55673
55674
55675
55676
55677
55678
55679
55680
55681
55682
55683
55684
55685
55686
55687
55688
55689
55690
55691
55692
55693
55694
55695
55696
55697
55698
55699
55700
55701
55702
55703
55704
55705
55706
55707
55708
55709
55710
55711
55712
55713
55714
55715
55716
55717
55718
55719
55720
55721
55722
55723
55724
55725
55726
55727
55728
55729
55730
55731
55732
55733
55734
55735
55736
55737
55738
55739
55740
55741
55742
55743
55744
55745
55746
55747
55748
55749
55750
55751
55752
55753
55754
55755
55756
55757
55758
55759
55760
55761
55762
55763
55764
55765
55766
55767
55768
55769
55770
55771
55772
55773
55774
55775
55776
55777
55778
55779
55780
55781
55782
55783
55784
55785
55786
55787
55788
55789
55790
55791
55845
55846
55847
55848
55849
55850
55851
55852
55853
55854
55855
55856
55857
55858
55859
55860
55861
55862
55863
55864
55865
55866
55867
55868
55869
55870
55871
55872
55873
55874
55875
55876
55877
55878
55879
55880
55881
55882
55883
55884
55885
55886
55887
55888
55889
55890
55891
55892
55893
55894
55895
55896
55897
55898
55899
55900
55901
55902
55903
55904
55905
55906
55907
55908
55909
55910
55911
55912
55913
55914
55915
55923
55924
62353
62354
62355
62356
62357
62358
62359
62360
62361
62362
62363
62364
62365
62366
62367
62368
62369
62370
62371
62372
62373
62374
62375
62376
62377
62378
62379
62380
62381
62382
62383
62384
62385
62386
62387
62388
62389
62390
62391
62392
62393
62394
62395
62396
62397
62398
62399
62400
62401
62402
62403
62404
62405
62406
62407
62408
62409
62410
62411
62412
62413
62414
62415
62416
62417
62418
62419
62420
62421
62422
62423
62424
62425
62426
62427
62428
62429
62430
62431
62432
62433
62434
62435
62436
62437
62438
62439
62440
62441
62442
62443
62444
62445
62446
62447
62448
62449
62450
62451
62452
62453
62454
62455
62456
62457
62458
62459
62460
62461
62462
62463
62464
62465
62466
62467
62468
62469
62470
62471
62472
62473
62474
62475
62476
62477
62478
62479
62480
62481
62482
62483
62484
62485
62486
62487
62488
62489
62490
62491
62492
62493
62494
62495
62496
62497
62498
62499
62500
62501
62502
62503
62504
62505
62506
62507
62508
62509
62510
62511
62512
62513
62514
62515
62516
62517
62518
62519
62520
62521
62522
62523
62524
62525
62526
62527
62528
62529
62530
62531
62532
62533
62534
62535
62536
62537
62538
62539
62540
62541
62542
62543
62544
62545
62546
62547
62548
62549
62550
62551
62552
62553
62554
62555
62556
62557
62558
62559
62560
62561
62562
62563
62564
62565
62566
62567
62568
62569
62570
62571
62572
62573
62574
62575
62576
62577
62578
62579
62580
62581
62582
62583
62584
62585
62586
62587
62588
62589
62590
62591
62592
62593
62594
62595
62596
62597
62598
62599
62600
62601
62602
62603
62604
62605
62606
62607
62608
62609
62610
62611
62612
62613
62614
62615
62616
62617
62618
62619
62620
62621
62622
62623
62624
62625
62626
62627
62628
62629
62630
62631
62632
62633
62634
62635
62636
62637
62638
62639
62640
62641
62642
62643
62644
62645
62646
62647
62648
62649
62650
62651
62652
62653
62654
62655
62656
62657
62658
62659
62660
62661
62662
62663
62664
62665
62666
62667
62668
62669
62670
62671
62672
62673
62674
62675
62676
62677
62678
62679
62680
62681
62682
62683
62684
62685
62686
62687
62688
62760
62761
62762
62763
62764
62765
62766
62767
62768
62769
62770
62771
62772
62773
62774
62775
62776
62777
62778
62779
62780
62781
62782
62783
62784
62785
62786
62787
62788
62789
62790
62791
62792
62793
62794
62795
62796
62797
62798
62799
62800
62801
62803
71975
71976
71977
71978
71979
71980
71981
71982
71983
71984
71985
71986
71987
71988
71989
71990
71991
71992
71993
71994
71995
71996
71997
71998
71999
72000
72001
72002
72003
72004
72005
72006
72007
72008
72009
72010
72011
72012
72013
72014
72015
72016
72017
72018
72019
72020
72021
72022
72023
72024
72025
72026
72027
72028
72029
72030
72031
72032
72033
72034
72035
72036
72037
72038
72039
72040
72041
72042
72043
72044
72045
72046
72047
72048
72049
72050
72051
72052
72053
72054
72055
72056
72057
72058
72059
72060
72061
72062
72063
72064
72065
72066
72067
72068
72069
72070
72071
72072
72073
72074
72075
72076
72077
72078
72079
72080
72081
72082
72083
72084
72085
72086
72087
72088
72089
72090
72091
72092
72093
72094
72095
72096
72097
72098
72099
72100
72101
72102
72103
72104
72105
72106
72107
72108
72109
72110
72111
72112
72113
72114
72115
72116
72117
72118
72119
72120
72121
72122
72123
72124
72125
72126
72127
72128
72129
72130
72131
72132
72133
72134
72135
72136
72137
72138
72139
72140
72141
72142
72143
72144
72145
72146
72147
72148
72149
72150
72151
72152
72153
72154
72155
72156
72157
72158
72159
72160
72161
72162
72163
72164
72165
72166
72167
72168
72169
72170
72171
72172
72173
72174
72175
72176
72177
72178
72179
72180
72181
72182
72183
72184
72185
72186
72187
72188
72189
72190
72191
72192
72193
72194
72195
72196
72197
72198
72199
72200
72201
72202
72203
72204
72205
72206
72207
72208
72209
72210
72211
72212
72213
72214
72215
72216
72217
72218
72219
72220
72221
72222
72223
72224
72225
72226
72227
72228
72229
72230
72231
72232
72233
72234
72235
72236
72237
72238
72239
72240
72241
72242
72243
72244
72245
72246
72247
72248
72249
72250
72251
72252
72253
72254
72255
72256
72257
72258
72259
72260
72261
72262
72263
72264
72265
72266
72267
72268
72269
72270
72271
72272
72273
72274
72275
72276
72277
72278
72279
72280
72281
72282
72283
72284
72285
72286
72287
72288
72289
72290
72291
72292
72293
72294
72295
72296
72297
72298
72299
72300
72301
72302
72303
72304
72305
72306
72307
72308
72309
72310
72311
72312
72313
72314
72315
72316
72317
72318
72319
72320
72321
72322
72323
72324
72325
72326
72327
72328
72329
72330
72331
72332
72333
72334
72335
72336
72337
72338
72339
72340
72341
72342
72343
72344
72345
72346
72347
72348
72349
72350
72351
72352
72353
72354
72355
72356
72357
72358
72359
72360
72361
72362
72363
72364
72365
72366
72367
72368
72369
72370
72371
72372
72373
72374
72375
72376
72377
72378
72379
72380
72381
72382
72383
72384
72385
72386
72387
72388
72389
72390
72391
72392
72393
72394
72395
72396
72397
72398
72399
72400
72401
72402
72403
72404
72405
72406
72407
72408
72409
72410
72411
72412
72511
72512
72513
72514
72515
72516
72517
72518
75569
75570
75571
75572
75573
75574
75575
75576
75577
75578
75579
75580
75581
75582
75583
75584
75585
75586
75587
75588
75589
75590
75591
75592
75593
75594
75595
75596
75597
75598
75599
75600
75601
75602
75603
75604
75605
75606
75607
75608
75609
75610
75611
75612
75613
75614
75615
75616
75617
75618
75619
75620
75621
75622
75623
75624
75625
75626
75627
75628
75629
75630
75631
75632
75633
75634
75635
75636
75637
75638
75639
75640
75641
75642
75643
75644
75645
75646
75647
75648
75649
75650
75651
75652
75653
75654
75655
75656
75657
75658
75659
75660
75661
75662
75663
75664
75665
75666
75667
75668
75669
75670
75671
75672
75673
75674
75675
75676
75677
75678
75679
75680
75681
75682
75683
75684
75685
75686
75687
75688
75689
75690
75691
75692
75693
75694
75695
75696
75697
75698
75699
75700
75701
75702
75703
75704
75705
75706
75707
75708
75709
75710
75711
75712
75713
75714
75715
75716
75717
75718
75719
75720
75721
75722
75723
75724
75725
75726
75727
75728
75729
75730
75731
75732
75733
75734
75735
75736
75737
75738
75739
75740
75741
75742
75743
75744
75745
75746
75747
75748
75749
75750
75751
75752
75753
75754
75755
75756
75757
75758
75759
75760
75761
75762
75763
75764
75765
75766
75767
75768
75769
75770
75771
75772
75773
75774
75775
75776
75777
75778
75779
75780
75781
75782
75783
75784
75785
75786
75787
75788
75789
75790
75791
75792
75793
75794
75795
75796
75797
75798
75799
75800
75801
75802
75803
75804
75805
75806
75807
75808
75809
75810
75811
75812
75813
75814
75815
75816
75817
75818
75819
75820
75821
75822
75823
75824
75825
75826
75827
75828
75829
75830
75831
75832
75833
75834
75835
75836
75837
75838
75839
75840
75841
75842
75843
75844
75845
75846
75847
75848
75849
75850
75851
75852
75853
75854
75855
75856
75857
75858
75859
75860
75861
75862
75863
75864
75865
75866
75867
75868
75869
75870
75871
75872
75873
75874
75875
75876
75877
75878
75879
75880
75881
75882
75883
75884
75885
75886
75887
75888
75889
75890
75891
75892
75893
75894
75895
75896
75897
75898
75899
75900
75901
75902
75903
75904
75905
75906
75907
75908
75909
75910
75911
75912
75913
75914
75915
75916
75917
75918
75919
75920
75921
75922
75923
75924
75925
75926
75927
75928
75929
75930
75931
75932
75933
75934
75935
75936
75937
75938
75939
75940
75941
75942
75943
75944
75945
75946
75947
75948
75949
75950
75951
75952
75953
75954
75955
75956
75957
75958
75959
75960
75961
75962
75963
75964
75965
75966
75967
75968
75969
75970
75971
75972
75973
75974
75975
75976
75977
75978
75979
75980
75981
75982
75983
75984
75985
75986
75987
75988
75989
75990
75991
75992
75993
75994
75995
75996
75997
75998
75999
76000
76001
76002
76003
76004
76005
76006
76007
76008
76009
76010
76011
76012
76013
76014
76015
76016
76017
76018
76019
76020
76021
76022
76023
76024
76025
76026
76027
76028
76029
76030
76031
76032
76033
76034
76035
76036
76037
76038
76039
76040
76041
76042
76043
76044
76045
76046
76047
76048
76049
76050
76051
76052
76053
76054
76055
76056
76057
76058
76059
76060
76061
76062
76063
76064
76065
76066
76067
76068
76069
76070
76071
76072
76073
76074
76075
76076
76077
76078
76079
76080
76081
76082
76083
76084
76085
76086
76087
76088
76089
76090
76091
76092
76093
76094
76095
76096
76097
76098
76099
76100
76101
76102
76103
76104
76105
76106
76107
76108
76109
76110
76111
76112
76113
76114
76115
76116
76117
76118
76119
76120
76121
76122
76123
76124
76125
76126
76127
76128
76129
76130
76131
76132
76133
76134
76135
76136
76137
76138
76139
76140
76141
76142
76143
76144
76145
76146
76147
76829
76830
76831
88487
88488
88489
88490
88491
88492
88493
88494
88495
88496
88497
88498
88499
88500
88501
88502
88503
88504
88505
88506
88507
88508
88509
88510
88511
88512
88513
88514
88515
88516
88517
88518
88519
88520
88521
88522
88523
88524
88525
88526
88527
88528
88529
88530
88531
88532
88533
88534
88535
88536
88537
88538
88539
88540
88541
88542
88543
88544
88545
88546
88547
88548
88549
88550
88551
88552
88553
88554
88555
88556
88557
88558
88559
88560
88561
88562
88563
88564
88565
88566
88567
88568
88569
88570
88571
88572
88573
88574
88575
88576
88577
88578
88579
88580
88581
88582
88583
88584
88585
88586
88587
88588
88589
88590
88591
88592
88593
88594
88595
88596
88597
88598
88599
88600
88601
88602
88603
88604
88605
88606
88607
88608
88609
88610
88611
88612
88613
88614
88615
88616
88617
88618
88619
88620
88621
88622
88623
88624
88625
88626
88627
88628
88629
88630
88631
88632
88633
88634
88635
88636
88637
88638
88639
88640
88641
88642
88643
88644
88645
88646
88647
88648
88649
88650
88651
88652
88653
88654
88655
88656
88657
88658
88659
88660
88661
88662
88663
88664
88665
88666
88667
88668
88669
88670
88671
88672
88673
88674
88675
88676
88677
88678
88679
88680
88681
88682
88683
88684
88685
88686
88687
88688
88689
88690
88691
88692
88693
88694
88695
88696
88697
88698
88699
88700
88701
88702
88703
88704
88705
88706
88707
88708
88709
88710
88711
88712
88713
88714
88715
88716
88717
88718
88719
88720
88721
88722
88723
88724
88725
88726
88727
88728
88729
88730
88731
88732
88733
88734
88735
88736
88737
88738
88739
88740
88741
88742
88743
88744
88745
88746
88747
88748
88749
88750
88751
88752
88753
88754
88755
88756
88757
88758
88759
88760
88761
88762
88763
88764
88765
88766
88767
88768
88769
88770
88771
88772
88773
88774
88775
88776
88777
88778
88779
88780
88781
88782
88783
88784
88785
88786
88787
88788
88789
88790
88791
88792
88793
88794
88795
88796
88797
88798
88799
88800
88801
88802
88803
88804
88805
88806
88807
88808
88809
88810
88811
88812
88813
88814
88815
88816
88817
88818
88819
88820
88821
88822
88823
88824
88825
88826
88827
88828
88829
88830
88831
88832
88833
88834
88835
88836
88837
88838
88839
88840
88841
88842
88843
88844
88845
88846
88847
88848
88849
88850
88851
88852
88853
88854
88855
88856
88857
88858
88859
88860
88861
88862
88863
88864
88865
88866
88867
88868
88869
88870
88871
88872
88873
88874
88875
88876
88877
88878
88879
88880
88881
88882
88883
88884
88885
88886
88887
88888
88889
88890
88891
88892
88893
88894
88895
88896
88897
88898
88899
88900
88901
88902
88903
88904
88905
88906
88907
88908
88909
88910
88911
88912
88913
88914
88915
88916
88917
88918
88919
88920
88921
88922
88923
88924
88925
88926
88927
88928
88929
88930
88931
88932
88933
88934
88935
88936
88937
88938
88939
88940
88941
88942
88943
88944
88945
88946
88947
88948
88949
88950
88951
88952
88953
88954
88955
88956
88957
88958
88959
88960
88961
88962
88963
88964
88965
88966
88967
88968
88969
88970
88971
88972
88973
88974
88975
88976
88977
88978
88979
88980
88981
88982
88983
88984
88985
88986
88987
88988
88989
88990
88991
88992
88993
88994
88995
88996
88997
88998
88999
89000
89001
89002
89003
89004
89005
89006
89007
89008
89009
89010
89011
89012
89013
89014
89015
89016
89017
89018
89019
89020
89021
89022
89023
89024
89025
89026
89027
89028
89029
89030
89031
89032
89033
89034
89035
89036
89037
89038
89039
89040
89041
89042
89043
89044
89045
89046
89047
89048
89049
89050
89051
89052
89053
89054
89055
89056
89057
89058
89059
89060
89061
89062
89063
89064
89065
89066
89067
89068
89069
89070
89071
89072
89073
89074
89075
89076
89077
89078
89079
89080
89081
89082
97751
97752
97753
97754
97755
97756
97757
97758
97759
97760
97761
97762
97763
97764
97765
97766
97767
97768
97769
97770
97771
97772
97773
97774
97775
97776
97777
97778
97779
97780
97781
97782
97783
97784
97785
97786
97787
97788
97789
97790
97791
97792
97793
97794
97795
97796
97797
97798
97799
97800
97801
97802
97803
97804
97805
97806
97807
97808
97809
97810
97811
97812
97813
97814
97815
97816
97817
97818
97819
97820
97821
97822
97823
97824
97825
97826
97827
97828
97829
97830
97831
97832
97833
97834
97835
97836
97837
97838
97839
97840
97841
97842
97843
97844
97845
97846
97847
97848
97849
97850
97851
97852
97853
97854
97855
97856
97857
97858
97859
97860
97861
97862
97863
97864
97865
97866
97867
97868
97869
97870
97871
97872
97873
97874
97875
97876
97877
97878
97879
97880
97881
97882
97883
97884
97885
97886
97887
97888
97889
97890
97891
97892
97893
97894
97895
97896
97897
97898
97899
97900
97901
97902
97903
97904
97905
97906
97907
97908
97909
97910
97911
97912
97913
97914
97915
97916
97917
97918
97919
97920
97921
97922
97923
97924
97925
97926
97927
97928
97929
97930
97931
97932
97933
97934
97935
97936
97937
97938
97939
97940
97941
97942
97943
97944
97945
97946
97947
97948
97949
97950
97951
97952
97953
97954
97955
97956
97957
97958
97959
97960
97961
97962
97963
97964
97965
97966
97967
97968
97969
97970
97971
97972
97973
97974
97975
97976
97977
97978
97979
97980
97981
97982
97983
97984
97985
97986
97987
97988
97989
97990
97991
97992
97993
97994
97995
97996
97997
97998
97999
98000
98001
98002
98003
98004
98005
98006
98007
98008
98009
98010
98011
98012
98013
98014
98015
98016
98017
98018
98019
98020
98021
98022
98023
98024
98025
98026
98027
98028
98029
98030
98031
98032
98033
98034
98035
98036
98037
98038
98039
98040
98041
98042
98043
98044
98045
98046
98047
98048
98049
98050
98051
98052
98053
98054
98055
98056
98057
98058
98059
98060
98061
98062
98063
98064
98065
98066
98067
98068
98069
98070
98071
98072
98073
98074
98075
98076
98077
98078
98079
98080
98081
98082
98083
98084
98085
98086
98087
98088
98089
98090
98091
98092
98093
98094
98095
98096
98097
98098
98099
98100
98101
98102
98103
98104
98105
98106
98107
98108
98109
98110
98111
98112
98113
98114
98115
98116
98117
98118
98119
98120
98121
98122
98123
98124
98125
98126
98127
98128
98129
98130
98131
98132
98133
98134
98135
98136
98137
98138
98139
98140
98141
98142
98143
98144
98145
98146
98147
98148
98149
98150
98151
98152
98153
98154
98155
98156
98157
98158
98159
98160
98161
98162
98163
98164
98165
98166
98167
98168
98169
98170
98171
98172
98173
98174
98175
98176
98177
98178
98179
98180
98181
98182
98183
98184
98185
98186
98187
98188
98189
98190
98191
98192
98193
98194
98195
98196
98197
98198
98199
98200
98201
98202
98203
98204
98205
98206
98207
98208
98209
98210
98211
98212
98213
98214
98215
98216
98217
98218
98219
98220
98221
98222
98223
98224
98225
98226
98227
98228
98229
98230
98231
98232
98233
98234
98235
98236
98237
98238
98239
98240
98241
98242
98243
98244
98245
98246
98247
98248
98249
98250
98251
98252
98253
98254
98255
98256
98257
98258
98259
98260
98261
98262
98263
98264
98265
98266
98267
98268
98269
98270
98271
98272
98273
98274
98275
98276
98277
98278
98279
98280
98281
98282
98283
98284
98285
98286
98287
98288
98289
98290
98291
98292
98293
98294
98295
98296
98297
98298
98299
98300
98301
98302
98303
98304
98305
98306
98307
98308
98309
98310
98311
98312
98313
98314
98315
98316
98317
98318
98319
98320
98321
98322
98323
98324
98325
98326
98327
98328
98329
98330
98331
98332
98333
98334
98335
98336
98337
98338
98339
98340
98341
98342
98343
98344
98345
98346
98347
98348
98349
98350
98351
98352
98353
98354
98355
98356
98357
98358
98359
98360
98361
98362
98363
98364
98365
98366
98367
98368
98369
98370
98371
98372
98373
98374
98375
98376
98377
98378
98379
98380
98381
98382
98383
98384
98385
98386
98387
98388
98389
98390
98391
98392
98393
98394
98395
98396
98397
98398
98399
98400
98401
98402
98403
98404
98405
98406
98407
98408
98409
98410
98411
98412
98413
98414
98415
98416
98417
98418
98419
98420
98421
98422
98423
98424
98425
98426
98427
98428
98429
98430
98431
98432
98433
98434
98435
98436
98437
98438
98439
98440
98441
98442
98443
98444
98445
98446
98447
98448
98449
98450
98451
98452
98453
98454
98455
98456
98457
98458
98459
98460
98461
98462
98463
98464
98465
98466
98467
98468
98469
98470
98471
98472
98473
98474
98475
98476
98477
98478
98479
98480
98481
98482
98483
98484
98485
98486
98487
98488
98489
98490
98491
98492
98493
98494
98495
98496
98497
98498
98499
98500
98501
98502
98503
98504
98505
98506
98507
98508
98509
98510
98511
98512
98513
98514
98515
98516
98517
98518
98519
98520
98521
98522
98523
98524
98525
98526
98527
98528
98529
98530
98531
98532
98533
98534
98535
98536
98537
98538
98539
98540
98541
98542
98543
98544
98545
98546
98547
98548
98549
98550
98551
98552
98553
98554
98555
98556
98557
98558
98559
98560
98561
98562
98563
98564
98565
98566
98567
98568
98569
98570
98571
98572
98573
98574
98575
98576
98577
98578
98579
98580
98581
98582
98583
98584
98585
98586
98587
98588
98589
98590
98591
98592
98593
98594
98595
98596
98597
98598
98599
98600
98601
98602
98603
98604
98605
98606
98607
98608
98609
98610
98611
98612
98613
98614
98615
98616
98617
98618
98619
98620
98621
98622
98623
98624
98625
98626
98627
98628
98629
98630
98631
98632
98633
98634
98635
98636
98637
98638
98639
98640
98641
98642
98643
98644
98645
98646
98647
98648
98649
98650
98651
98652
98653
98654
98655
98656
98657
98658
98659
98660
98661
98662
98663
98664
98665
98666
98667
98668
98669
98670
98671
98672
98673
98674
98675
98676
98677
98678
98679
98680
98681
98682
98683
98684
98685
98686
98687
98688
98689
98690
98691
98692
98693
98694
98695
98696
98697
98698
98699
98700
98701
98702
98703
98704
98705
98706
98707
98708
98709
98710
98711
98712
98713
98714
98715
98716
98717
98718
98719
98720
98721
98722
98723
98724
98725
98726
98727
98728
98729
98730
98731
98732
98733
98734
98735
98736
98737
98738
98739
98740
98741
98742
98743
98744
98745
98746
98747
98748
98749
98750
98751
98752
98753
98754
98755
98756
98757
106526
106527
106528
106529
106530
106531
106532
106533
106534
106535
106536
106537
106538
106539
106540
106541
106542
106543
106544
106545
106546
106547
106548
106549
106550
106551
106552
106553
106554
106555
106556
106557
106558
106559
106560
106561
106562
106563
106564
106565
106566
106567
106568
106569
106570
106571
106572
106573
106574
106575
106576
106577
106578
106579
106580
106581
106582
106583
106584
106585
106586
106587
106588
106589
106590
106591
106592
106593
106594
106595
106596
106597
106598
106599
106600
106601
106602
106603
106604
106605
106606
106607
106608
106609
106610
106611
106612
106613
106614
106615
106616
106617
106618
106619
106620
106621
106622
106623
106624
106625
106626
106627
106628
106629
106630
106631
106632
106633
106634
106635
106636
106637
106638
106639
106640
106641
106642
106643
106644
106645
106646
106647
106648
106649
106650
106651
106652
106653
106654
106655
106656
106657
106658
106659
106660
106661
106662
106663
106664
106665
106666
106667
106668
106669
106670
106671
106672
106673
106674
106675
106676
106677
106678
106679
106680
106681
106682
106683
106684
106685
106686
106687
106688
106689
106690
106691
106692
106693
106694
106695
106696
106697
106698
106699
106700
106701
106702
106703
106704
106705
106706
106707
106708
106709
106710
106711
106712
106713
106714
106715
106716
106717
106718
106719
106720
106721
106722
106723
106724
106725
106726
106727
106728
106729
106730
106731
106732
106733
106734
106735
106736
106737
106738
106739
106740
106741
106742
106743
106744
106745
106746
106747
106748
106749
106750
106751
106752
106753
106754
106755
106756
106757
106758
106759
106760
106761
106762
106763
106764
106765
106766
106767
106768
106769
106770
106771
106772
106773
106774
106775
106776
106777
106778
106779
106780
106781
106782
106783
106784
106785
106786
106787
106788
106789
106790
106791
106792
106793
106794
106795
106796
106797
106798
106799
106800
106801
106802
106803
106804
106805
106806
106807
106808
106809
106810
106811
106812
106813
106814
106815
106816
106817
106818
106819
106820
106821
106822
106823
106824
106825
106826
106827
106828
106829
106830
106831
106832
106833
106834
106835
106836
106837
106838
106839
106840
106841
106842
106843
106844
106845
106846
106847
106848
106849
106850
106851
106852
106853
106854
106855
106856
106857
106858
106859
106860
106861
106862
106863
106864
106865
106866
106867
106868
106869
106870
106871
106872
106873
106874
106875
106876
106877
106878
106879
106880
106881
106882
106883
106884
106885
106886
106887
106888
106889
106890
106891
106892
106893
106894
106895
106896
106897
106898
106899
106900
106901
106902
106903
106904
106905
106906
106907
106908
106909
106910
106911
106912
106913
106914
106915
106916
106917
106918
106919
106920
106921
106922
106923
106924
106925
106926
106927
106928
106929
106930
106931
106932
106933
106934
106935
106936
106937
106938
106939
106940
106941
106942
106943
106944
106945
106946
106947
106948
106949
106950
106951
106952
106953
106954
106955
106956
106957
106958
106959
106960
106961
106962
106963
106964
106965
106966
106967
106968
106969
106970
106971
106972
106973
106974
106975
106976
106977
106978
106979
106980
106981
106982
106983
106984
106985
106986
106987
106988
106989
106990
106991
106992
106993
106994
106995
106996
106997
106998
106999
107000
107001
107002
107003
107004
107005
107006
107007
107008
107009
107010
107011
107012
107013
107014
107015
107016
107017
107018
107019
107020
107021
107022
107023
107024
107025
107026
107027
107028
107029
107030
107031
107032
107033
107034
107035
107036
107037
107038
107039
107040
107041
107042
107043
107044
107045
107046
107047
107048
107049
107050
107051
107052
107053
107054
107055
107056
107057
107058
107059
107060
107061
107062
107063
107064
107065
107066
107067
107068
107069
107070
107071
107072
107073
107074
107075
107076
107077
107078
107079
107080
107081
107082
107083
107084
107085
107086
107087
107088
107089
107090
107091
107092
107093
107094
107095
107096
107097
107098
107099
107100
107101
107102
107103
107104
107105
107106
107107
107108
107109
107110
107111
107112
107113
107114
107115
107116
107117
107118
107119
107120
107121
107122
107123
107124
107125
107126
107127
107128
107129
107130
107131
107132
107133
107134
107135
107136
107137
107138
107139
107140
107141
107142
107143
107144
107145
107146
107147
107148
107149
107150
107151
107152
107153
107154
107155
107156
107157
107158
107159
107160
107161
107162
107163
107164
107165
107166
107167
107168
107169
107170
107171
107172
107173
107174
107175
107176
107177
107178
107179
107180
107181
107182
107183
107184
107185
107186
107187
107188
107189
107190
107191
107192
107193
107194
107195
107196
107197
107198
107199
107200
107201
107202
107203
107204
107205
107206
107207
107208
107209
107210
107211
107212
107213
107214
107215
107216
107217
107218
107219
107220
107221
107222
107223
107224
107225
107226
107227
107228
107229
107230
107231
107232
107233
107234
107235
107236
107237
107238
107239
107240
107241
107242
107243
107244
107245
107246
107247
107248
107249
107250
107251
107252
107253
107254
107255
107256
107257
107258
107259
107260
107261
107262
107263
107264
107265
107266
107267
107268
107269
107270
107271
107272
107273
107274
107275
107276
107277
107278
107279
107280
107281
107282
107283
107284
107285
107286
107287
107288
107289
107290
107291
107292
107293
107294
107295
107296
107297
107298
107299
107300
107301
107302
107303
107304
107305
107306
107307
107308
107309
107310
107311
107312
107313
107314
107315
107316
107317
107318
107319
107320
107321
107322
107323
107324
107325
107326
107327
107328
107329
107330
107331
107332
107333
107334
107335
107336
107337
107338
107339
107340
107341
107342
107343
107344
107345
107346
107347
107348
107349
107350
107351
107352
107353
107354
107355
107356
107357
107358
107359
107360
107361
107362
107363
107364
107365
107366
107367
107368
107369
107370
107371
107372
107373
107374
107375
107376
107377
107378
107379
107380
107381
107382
107383
107384
107385
107386
107387
107388
107389
107390
107391
107392
107393
107394
107395
107396
107397
107398
107399
107400
107401
107402
107403
107404
107405
107406
107407
107408
107409
107410
107411
107412
107413
107414
107415
107416
107417
107418
107419
107420
107421
107422
107423
107424
107425
107426
107427
107428
107429
107430
107431
107432
107433
107434
107435
107436
107437
107438
107439
107440
107441
107442
107443
107444
107445
107446
107447
107448
107449
107450
107451
107452
107453
107454
107455
107456
107457
107458
107459
107460
107461
107462
107463
107464
107465
107466
107467
107468
107469
107470
107471
107472
107473
107474
107475
107476
107477
107478
107479
107480
107481
107482
107483
107484
107485
107486
107487
107488
107489
107490
107491
107492
107493
107494
107495
107496
107497
107498
107499
107500
107501
107502
107503
107504
107505
107506
107507
107508
107509
107510
107511
107512
107513
107514
107515
107516
107517
107518
107519
107520
107521
107522
107523
107524
107525
107526
107527
107528
107529
107530
107531
107532
107533
107534
107535
107536
107537
107538
107539
107540
107541
107542
107543
107544
107545
107546
107547
107548
107549
107550
107551
107552
107553
107554
107555
107556
107557
107558
107559
107560
107561
107562
107563
107564
107565
107566
107567
107568
107569
107570
107571
107572
107573
107574
107575
107576
107577
107578
107579
107580
107581
107582
107583
107584
107585
107586
107587
107588
107589
107590
107591
107592
107593
107594
107595
107596
107597
107598
107599
107600
107601
107602
107603
107604
107605
107606
107607
107608
107609
107610
107611
107612
107613
107614
107615
107616
107617
107618
107619
107620
107621
107622
107623
107624
107625
107626
107627
107628
107629
107630
107631
107632
107633
107634
107635
107636
107637
107638
107639
107640
107641
107642
107643
107644
107645
107646
107647
107648
107649
107650
107651
107652
107653
107654
107655
107656
107657
107658
107659
107660
107661
107662
107663
107664
107665
107666
107667
107668
107669
107670
107671
107672
107673
107674
107675
107676
107677
107678
107679
107680
107681
107682
107683
107684
107685
107686
107687
107688
107689
107690
107691
107692
107693
107694
107695
107696
107697
107698
107699
107700
107701
107702
107703
107704
107705
107706
107707
107708
107709
107710
107711
107712
107713
107714
107715
107716
107717
107718
107719
107720
107721
107722
107723
107724
107725
107726
107727
107728
107729
107730
107731
107732
107733
107734
107735
107736
107737
107738
107739
107740
107741
107742
107743
107744
107745
107746
107747
107748
107749
107750
107751
107752
107753
107754
107755
107756
107757
107758
107759
107760
107761
107762
107763
107764
107765
107766
107767
107768
107769
107770
107771
107772
107773
107774
107775
107776
107777
107778
107779
107780
107781
107782
107783
107784
107785
107786
107787
107788
107789
107790
107791
107792
107793
107794
107795
107796
107797
107798
107799
107800
107801
107802
107803
107804
107805
107806
107807
107808
107809
107810
107811
107812
107813
107814
107815
107816
107817
107818
107819
107820
107821
107822
107823
107824
107825
107826
107827
107828
107829
107830
107831
107832
107833
107834
107835
107836
107837
107838
107839
107840
107841
107842
107843
107844
107845
107846
107847
107848
107849
107850
107851
107852
107853
107854
107855
107856
107857
107858
107859
107860
107861
107862
107863
107864
107865
107866
107867
107868
107869
107870
107871
107872
107873
107874
107875
107876
107877
107878
107879
107880
107881
107882
107883
107884
107885
107886
107887
107888
107889
107890
107891
107892
107893
107894
107895
107896
107897
107898
107899
107900
107901
107902
107903
107904
107905
107906
107907
107908
107909
107910
107911
107912
107913
107914
107915
107916
107917
107918
107919
107920
107921
107922
107923
107924
107925
107926
107927
107928
107929
107930
107931
107932
107933
107934
107935
107936
107937
107938
107939
107940
107941
107942
107943
107944
107945
107946
107947
107948
107949
107950
107951
107952
107953
107954
107955
107956
107957
107958
107959
107960
107961
107962
107963
107964
107965
107966
107967
107968
107969
107970
107971
107972
107973
107974
107975
107976
107977
107978
107979
107980
107981
107982
107983
107984
107985
107986
107987
107988
107989
107990
107991
107992
107993
107994
107995
107996
107997
107998
107999
108000
108001
108002
108003
108004
108005
108006
108007
108008
108009
108010
108011
108012
108013
108014
108015
108016
108017
108018
108019
117073
117074
117075
117076
117077
117078
117079
117080
117081
117082
117083
117084
117085
117086
117087
117088
117089
117090
117091
117092
117093
117094
117095
117096
117097
117098
117099
117100
117101
117102
117103
117104
117105
117106
117107
117108
117109
117110
117111
117112
117113
117114
117115
117116
117117
117118
117119
117120
117121
117122
117123
117124
117125
117126
117127
117128
117129
117130
117131
117132
117133
117134
117135
117136
117137
117138
117139
117140
117141
117142
117143
117144
117145
117146
117147
117148
117149
117150
117151
117152
117153
117154
117155
117156
117157
117158
117159
117160
117161
117162
117163
117164
117165
117166
117167
117168
117169
117170
117171
117172
117173
117174
117175
117176
117177
117178
117179
117180
117181
117182
117183
117184
117185
117186
117187
117188
117189
117190
117191
117192
117193
117194
117195
117196
117197
117198
117199
117200
117201
117202
117203
117204
117205
117206
117207
117208
117209
117210
117211
117212
117213
117214
117215
117216
117217
117218
117219
117220
117221
117222
117223
117224
117225
117226
117227
117228
117229
117230
117231
117232
117233
117234
117235
117236
117237
117238
117239
117240
117241
117242
117243
117244
117245
117246
117247
117248
117249
117250
117251
117252
117253
117254
117255
117256
117257
117258
117259
117260
117261
117262
117263
117264
117265
117266
117267
117268
117269
117270
117271
117272
117273
117274
117275
117276
117277
117278
117279
117280
117281
117282
117283
117284
117285
117286
117287
117288
117289
117290
117291
117292
117293
117294
117295
117296
117297
117298
117299
117300
117301
117302
117303
117304
117305
117306
117307
117308
117309
117310
117311
117312
117313
117314
117315
117316
117317
117318
117319
117320
117321
117322
117323
117324
117325
117326
117327
117328
117329
117330
117331
117332
117333
117334
117335
117336
117337
117338
117339
117340
117341
117342
117343
117344
117345
117346
117347
117348
117349
117350
117351
117352
117353
117354
117355
117356
117357
117358
117359
117360
117361
117362
117363
117364
117365
117366
117367
117368
117369
117370
117371
117372
117373
117374
117375
117376
117377
117378
117379
117380
117381
117382
117383
117384
117385
117386
117387
117388
117389
117390
117391
117392
117393
117394
117395
117396
117397
117398
117399
117400
117401
117402
117403
117404
117405
117406
117407
117408
117409
117410
117411
117412
117413
117414
117415
117416
117417
117418
117419
117420
117421
117422
117423
117424
117425
117426
117427
117428
117429
117430
117431
117432
117433
117434
117435
117436
117437
117438
117439
117440
117441
117442
117443
117444
117445
117446
117447
117448
117449
117450
117451
117452
117453
117454
117455
117456
117457
117458
117459
117460
117461
117462
117463
117464
117465
117466
117467
117468
117469
117470
117471
117472
117473
117474
117475
117476
117477
117478
117479
117480
117481
117482
117483
117484
117485
117486
117487
117488
117489
117490
117491
117492
117493
117494
117495
117496
117497
117498
117499
117500
117501
117502
117503
117504
117505
117506
117507
117508
117509
117510
117511
117512
117513
117514
117515
117516
117517
117518
117519
117520
117521
117522
117523
117524
117525
117526
117527
117528
117529
117530
117531
117532
117533
117534
117535
117536
117537
117538
117539
117540
117541
117542
117543
117544
117545
117546
117547
117548
117549
117550
117551
117552
117553
117554
117555
117556
117557
117558
117559
117560
117561
117562
117563
117564
117565
117566
117567
117568
117569
117570
117571
117572
117573
117574
117575
117576
117577
117578
117579
117580
117581
117582
117583
117584
117585
117586
117587
117588
117589
117590
117591
117592
117593
117594
117595
117596
117597
117598
117599
117600
117601
117602
117603
117604
117605
117606
117607
117608
117609
117610
117611
117612
117613
117614
117615
117616
117617
117618
117619
117620
117621
117622
117623
117624
117625
117626
117627
117628
117629
117630
117631
117632
117633
117634
117635
117636
117637
117638
117639
117640
117641
117642
117643
117644
117645
117646
117647
117648
117649
117650
117651
117652
117653
117654
117655
117656
117657
117658
117659
117660
117661
117662
117663
117664
117665
117666
117667
117668
117669
117670
117671
117672
117673
117674
117675
117676
117677
117678
117679
117680
117681
117682
117683
117684
117685
117686
117687
117688
117689
117690
117691
117692
117693
117694
117695
117696
117697
117698
117699
117700
117701
117702
117703
117704
117705
117706
117707
117708
117709
117710
117711
117712
117713
117714
117715
117716
117717
117718
117719
117720
117721
117722
117723
117724
117725
117726
117727
117728
117729
117730
117731
117732
117733
117734
117735
117736
117737
117738
117739
117740
117741
117742
117743
117744
117745
117746
117747
117748
117749
117750
117751
117752
117753
117754
117755
117756
117757
117758
117759
117760
117761
117762
117763
117764
117765
117766
117767
117768
117769
117770
117771
117772
117773
117774
117775
117776
117777
117778
117779
117780
117781
117782
117783
117784
117785
117786
117787
117788
117789
117790
117791
117792
117793
117794
117795
117796
117797
117798
117799
117800
117801
117802
117803
117804
117805
117806
117807
117808
117809
117810
117811
117812
117813
117814
117815
117816
117817
117818
117819
117820
117821
117822
117823
117824
117825
117826
117827
117828
117829
117830
117831
117832
117833
117834
117835
117836
117837
117838
117839
117840
117841
117842
117843
117844
117845
117846
117847
117848
117849
117850
117851
117852
117853
117854
117855
117856
117857
117858
117859
117860
117861
117862
117863
117864
117865
117866
117867
117868
117869
117870
117871
117872
117873
117874
117875
117876
117877
117878
117879
117880
117881
117882
117883
117884
117885
117886
117887
117888
117889
117890
117891
117892
117893
117894
117895
117896
117897
117898
117899
117900
117901
117902
117903
117904
117905
117906
117907
117908
117909
117910
117911
117912
117913
117914
117915
117916
117917
117918
117919
117920
117921
117922
117923
117924
117925
117926
117927
117928
117929
117930
117931
117932
117933
117934
117935
117936
117937
117938
117939
117940
117941
117942
117943
117944
117945
117946
117947
117948
117949
117950
117951
117952
117953
117954
117955
117956
117957
117958
117959
117960
117961
117962
117963
117964
117965
117966
117967
117968
117969
117970
117971
117972
117973
117974
117975
117976
117977
117978
117979
117980
117981
117982
117983
117984
117985
117986
117987
117988
117989
117990
117991
117992
117993
117994
117995
117996
117997
117998
117999
118000
118001
118002
118003
118004
118005
118006
118007
118008
118009
118010
118011
118012
118013
118014
118015
118016
118017
118018
118019
118020
118021
118022
118023
118024
118025
118026
118027
118028
118029
118030
118031
118032
118033
118034
118035
118036
118037
118038
118039
118040
118041
118042
118043
118044
118045
118046
118047
118048
118049
118050
118051
118052
118053
118054
118055
118056
118057
118058
118059
118060
118061
118062
118063
118064
118065
118066
118067
118068
118069
118070
118071
118072
118073
118074
118075
118076
118077
118078
118079
118080
118081
118082
118083
118084
118085
118086
118087
118088
118089
118090
118091
118092
118093
118094
118095
118096
118097
118098
118099
118100
118101
118102
118103
118104
118105
118106
118107
118108
118109
118110
118111
118112
118113
118114
118115
118116
118117
118118
118119
118120
118121
118122
118123
118124
118125
118126
118127
118128
118129
118130
118131
118132
118133
118134
118135
118136
118137
118138
118139
118140
118141
118142
118143
118144
118145
118146
118147
118148
118149
118150
118151
118152
118153
118154
118155
118156
118157
118158
118159
118160
118161
118162
118163
118164
118165
118166
118167
118168
118169
118170
118171
118172
118173
118174
118175
118176
118177
118178
118179
118180
118181
118182
118183
118184
118185
118186
118187
118188
118189
118190
118191
118192
118193
118194
118195
118196
118197
118198
118199
118200
118201
118202
118203
118204
118205
118206
118207
118208
118209
118210
118211
118212
118213
118214
118215
118216
118217
118218
118219
118220
118221
118222
118223
118224
118225
118226
118227
118228
118229
118230
118231
118232
118233
118234
118235
118236
118237
118238
118239
118240
118241
118242
118243
118244
118245
118246
118247
118248
118249
118250
118251
118252
118253
118254
118255
118256
118257
118258
118259
118260
118261
118262
118263
118264
118265
118266
118267
118268
118269
118270
118271
118272
118273
118274
118275
118276
118277
118278
118279
118280
118281
118282
118283
118284
118285
118286
118287
118288
118289
118290
118291
118292
118293
118294
118295
118296
118297
118298
118299
118300
118301
118302
118303
118304
118305
118306
118307
118308
118309
118310
118311
118312
118313
118314
118315
118316
118317
118318
118319
118320
118321
118322
118323
118324
118325
118326
118327
118328
118329
118330
118331
118332
118333
118334
118335
118336
118337
118338
118339
118340
118341
118342
118343
118344
118345
118346
118347
118348
118349
118350
118351
118352
118353
118354
118355
118356
118357
118358
118359
118360
118361
118362
118363
118364
118365
118366
118367
118368
118369
118370
118371
118372
118373
118374
118375
118376
118377
118378
118379
118380
118381
118382
118383
118384
118385
118386
118387
118388
118389
118390
118391
118392
118393
118394
118395
118396
118397
118398
118399
118400
118401
118402
118403
118404
118405
118406
118407
118408
118409
118410
118411
118412
118413
118414
118415
118416
118417
118418
118419
118420
118421
118422
118423
118424
118425
118426
118427
118428
118429
118430
118431
118432
118433
118434
118435
118436
118437
118438
118439
118440
118441
118442
118443
118444
118445
118446
118447
118448
118449
118450
118451
118452
118453
118454
118455
118456
118457
118458
118459
118460
118461
118462
118463
118464
118465
118466
118467
118468
118469
118470
118471
118472
118473
118474
118475
118476
118477
118478
118479
118480
118481
118482
118483
118484
118485
118486
118487
118488
118489
118490
118491
118492
118493
118494
118495
118496
118497
118498
118499
118500
118501
118502
118503
118504
118505
118506
118507
118508
118509
118510
118511
118512
118513
118514
118515
118516
118517
118518
118519
118520
118521
118522
118523
118524
118525
118526
118527
118528
118529
118530
118531
118532
118533
118534
118535
118536
118537
118538
118539
118540
118541
118542
118543
118544
118545
118546
118547
118548
118549
118550
118551
118552
118553
118554
118555
118556
118557
118558
118559
118560
118561
118562
118563
118564
118565
118566
118567
118568
118569
118570
118571
118572
118573
118574
118575
118576
118577
118578
118579
118580
118581
118582
118583
118584
118585
118586
118587
118588
118589
118590
118591
118592
118593
118594
118595
118596
118597
118598
118599
118600
118601
118602
118603
118604
118605
118606
118607
118608
118609
118610
118611
118612
118613
118614
118615
118616
118617
118618
118619
118620
118621
118622
118623
118624
118625
118626
118627
118628
118629
118630
118631
118632
118633
118634
118635
118636
118637
118638
118639
118640
118641
118642
118643
118644
118645
118646
118647
118648
118649
118650
118651
118652
118653
118654
118655
118656
118657
118658
118659
118660
118661
118662
118663
118664
118665
118666
118667
118668
118669
118670
118671
118672
118673
118674
118675
118676
118677
118678
118679
118680
118681
118682
118683
118684
118685
118686
118687
118688
118689
118690
118691
118692
118693
118694
118695
118696
118697
118698
118699
118700
118701
118702
118703
118704
118705
118706
118707
118708
118709
118710
118711
118712
118713
118714
118715
118716
118717
118718
118719
118720
118721
118722
118723
118724
118725
118726
118727
118728
118729
118730
118731
118732
118733
118734
118735
118736
118737
118738
118739
118740
118741
118742
118743
118744
118745
118746
118747
118748
118749
118750
118751
118752
118753
118754
118755
118756
118757
118758
118759
118760
118761
118762
118763
118764
118765
118766
118767
118768
118769
118770
118771
118772
118773
118774
118775
118776
118777
118778
118779
118780
118781
118782
118783
118784
118785
118786
118787
118788
118789
118790
118791
118792
118793
118794
118795
118796
118797
118798
118799
118800
118801
118802
118803
118804
118805
118806
118807
118808
118809
118810
118811
118812
118813
118814
118815
118816
118817
118818
118819
118820
118821
118822
118823
118824
118825
118826
118827
118828
118829
118830
118831
118832
118833
118834
118835
118836
118837
118838
118839
118840
118841
118842
118843
118844
118845
118846
118847
118848
118849
118850
118851
118852
118853
118854
118855
118856
118857
118858
118859
118860
118861
118862
118863
118864
118865
118866
118867
118868
118869
118870
118871
118872
118873
118874
118875
118876
118877
118878
118879
118880
118881
118882
118883
118884
118885
118886
118887
118888
118889
118890
127708
127709
127710
127711
127712
127713
127714
127715
127716
127717
127718
127719
127720
127721
127722
127723
127724
127725
127726
127727
127728
127729
127730
127731
127732
127733
127734
127735
127736
127737
127738
127739
127740
127741
127742
127743
127744
127745
127746
127747
127748
127749
127750
127751
127752
127753
127754
127755
127756
127757
127758
127759
127760
127761
127762
127763
127764
127765
127766
127767
127768
127769
127770
127771
127772
127773
127774
127775
127776
127777
127778
127779
127780
127781
127782
127783
127784
127785
127786
127787
127788
127789
127790
127791
127792
127793
127794
127795
127796
127797
127798
127799
127800
127801
127802
127803
127804
127805
127806
127807
127808
127809
127810
127811
127812
127813
127814
127815
127816
127817
127818
127819
127820
127821
127822
127823
127824
127825
127826
127827
127828
127829
127830
127831
127832
127833
127834
127835
127836
127837
127838
127839
127840
127841
127842
127843
127844
127845
127846
127847
127848
127849
127850
127851
127852
127853
127854
127855
127856
127857
127858
127859
127860
127861
127862
127863
127864
127865
127866
127867
127868
127869
127870
127871
127872
127873
127874
127875
127876
127877
127878
127879
127880
127881
127882
127883
127884
127885
127886
127887
127888
127889
127890
127891
127892
127893
127894
127895
127896
127897
127898
127899
127900
127901
127902
127903
127904
127905
127906
127907
127908
127909
127910
127911
127912
127913
127914
127915
127916
127917
127918
127919
127920
127921
127922
127923
127924
127925
127926
127927
127928
127929
127930
127931
127932
127933
127934
127935
127936
127937
127938
127939
127940
127941
127942
127943
127944
127945
127946
127947
127948
127949
127950
127951
127952
127953
127954
127955
127956
127957
127958
127959
127960
127961
127962
127963
127964
127965
127966
127967
127968
127969
127970
127971
127972
127973
127974
127975
127976
127977
127978
127979
127980
127981
127982
127983
127984
127985
127986
127987
127988
127989
127990
127991
127992
127993
127994
127995
127996
127997
127998
127999
128000
128001
128002
128003
128004
128005
128006
128007
128008
128009
128010
128011
128012
128013
128014
128015
128016
128017
128018
128019
128020
128021
128022
128023
128024
128025
128026
128027
128028
128029
128030
128031
128032
128033
128034
128035
128036
128037
128038
128039
128040
128041
128042
128043
128044
128045
128046
128047
128048
128049
128050
128051
128052
128053
128054
128055
128056
128057
128058
128059
128060
128061
128062
128063
128064
128065
128066
128067
128068
128069
128070
128071
128072
128073
128074
128075
128076
128077
128078
128079
128080
128081
128082
128083
128084
128085
128086
128087
128088
128089
128090
128091
128092
128093
128094
128095
128096
128097
128098
128099
128100
128101
128102
128103
128104
128105
128106
128107
128108
128109
128110
128111
128112
128113
128114
128115
128116
128117
128118
128119
128120
128121
128122
128123
128124
128125
128126
128127
128128
128129
128130
128131
128132
128133
128134
128135
128136
128137
128138
128139
128140
128141
128142
128143
128144
128145
128146
128147
128148
128149
128150
128151
128152
128153
128154
128155
128156
128157
128158
128159
128160
128161
128162
128163
128164
128165
128166
128167
128168
128169
128170
128171
128172
128173
128174
128175
128176
128177
128178
128179
128180
128181
128182
128183
128184
128185
128186
128187
128188
128189
128190
128191
128192
128193
128194
128195
128196
128197
128198
128199
128200
128201
128202
128203
128204
128205
128206
128207
128208
128209
128210
128211
128212
128213
128214
128215
128216
128217
128218
128219
128220
128221
128222
128223
128224
128225
128226
128227
128228
128229
128230
128231
128232
128233
128234
128235
128236
128237
128238
128239
128240
128241
128242
128243
128244
128245
128246
128247
128248
128249
128250
128251
128252
128253
128254
128255
128256
128257
128258
128259
128260
128261
128262
128263
128264
128265
128266
128267
128268
128269
128270
128271
128272
128273
128274
128275
128276
128277
128278
128279
128280
128281
128282
128283
128284
128285
128286
128287
128288
128289
128290
128291
128292
128293
128294
128295
128296
128297
128298
128299
128300
128301
128302
128303
128304
128305
128306
128307
128308
128309
128310
128311
128312
128313
128314
128315
128316
128317
128318
128319
128320
128321
128322
128323
128324
128325
128326
128327
128328
128329
128330
128331
128332
128333
128334
128335
128336
128337
128338
128339
128340
128341
128342
128343
128344
128345
128346
128347
128348
128349
128350
128351
128352
128353
128354
128355
128356
128357
128358
128359
128360
128361
128362
128363
128364
128365
128366
128367
128368
128369
128370
128371
128372
128373
128374
128375
128376
128377
128378
128379
128380
128381
128382
128383
128384
128385
128386
128387
128388
128389
128390
128391
128392
128393
128394
128395
128396
128397
128398
128399
128400
128401
128402
128403
128404
128405
128406
128407
128408
128409
128410
128411
128412
128413
128414
128415
128416
128417
128418
128419
128420
128421
128422
128423
128424
128425
128426
128427
128428
128429
128430
128431
128432
128433
128434
128435
128436
128437
128438
128439
128440
128441
128442
128443
128444
128445
128446
128447
128448
128449
128450
128451
128452
128453
128454
128455
128456
128457
128458
128459
128460
128461
128462
128463
128464
128465
128466
128467
128468
128469
128470
128471
128472
128473
128474
128475
128476
128477
128478
128479
128480
128481
128482
128483
128484
128485
128486
128487
128488
128489
128490
128491
128492
128493
128494
128495
128496
128497
128498
128499
128500
128501
128502
128503
128504
128505
128506
128507
128508
128509
128510
128511
128512
128513
128514
128515
128516
128517
128518
128519
128520
128521
128522
128523
128524
128525
128526
128527
128528
128529
128530
128531
128532
128533
128534
128535
128536
128537
128538
128539
128540
128541
128542
128543
128544
128545
128546
128547
128548
128549
128550
128551
128552
128553
128554
128555
128556
128557
128558
128559
128560
128561
128562
128563
128564
128565
128566
128567
128568
128569
128570
128571
128572
128573
128574
128575
128576
128577
128578
128579
128580
128581
128582
128583
128584
128585
128586
128587
128588
128589
128590
128591
128592
128593
128594
128595
128596
128597
128598
128599
128600
128601
128602
128603
128604
128605
128606
128607
128608
128609
128610
128611
128612
128613
128614
128615
128616
128617
128618
128619
128620
128621
128622
128623
128624
128625
128626
128627
128628
128629
128630
128631
128632
128633
128634
128635
128636
128637
128638
128639
128640
128641
128642
128643
128644
128645
128646
128647
128648
128649
128650
128651
128652
128653
128654
128655
128656
128657
128658
128659
128660
128661
128662
128663
128664
128665
128666
128667
128668
128669
128670
128671
128672
128673
128674
128675
128676
128677
128678
128679
128680
128681
128682
128683
128684
128685
128686
128687
128688
128689
128690
128691
128692
128693
128694
128695
128696
128697
128698
128699
128700
128701
128702
128703
128704
128705
128706
128707
128708
128709
128710
128711
128712
128713
128714
128715
128716
128717
128718
128719
128720
128721
128722
128723
128724
128725
128726
128727
128728
128729
128730
128731
128732
128733
128734
128735
128736
128737
128738
128739
128740
128741
128742
128743
128744
128745
128746
128747
128748
128749
128750
128751
128752
128753
128754
128755
128756
128757
128758
128759
128760
128761
128762
128763
128764
128765
128766
128767
128768
128769
128770
128771
128772
128773
128774
128775
128776
128777
128778
128779
128780
128781
128782
128783
128784
128785
128786
128787
128788
128789
128790
128791
128792
128793
128794
128795
128796
128797
128798
128799
128800
128801
128802
128803
128804
128805
128806
128807
128808
128809
128810
128811
128812
128813
128814
128815
128816
128817
128818
128819
128820
128821
128822
128823
128824
128825
128826
128827
128828
128829
128830
128831
128832
128833
128834
128835
128836
128837
128838
128839
128840
128841
128842
128843
128844
128845
128846
128847
128848
128849
128850
128851
128852
128853
128854
128855
128856
128857
128858
128859
128860
128861
128862
128863
128864
128865
128866
128867
128868
128869
128870
128871
128872
128873
128874
128875
128876
128877
128878
128879
128880
128881
128882
128883
128884
128885
128886
128887
128888
128889
128890
128891
128892
128893
128894
128895
128896
128897
128898
128899
128900
128901
128902
128903
128904
128905
128906
128907
128908
128909
128910
128911
128912
128913
128914
128915
128916
128917
128918
128919
128920
128921
128922
128923
128924
128925
128926
128927
128928
128929
128930
128931
128932
128933
128934
128935
128936
128937
128938
128939
128940
128941
128942
128943
128944
128945
128946
128947
128948
128949
128950
128951
128952
128953
128954
128955
128956
128957
128958
128959
128960
128961
128962
128963
128964
128965
128966
128967
128968
128969
128970
128971
128972
128973
128974
128975
128976
128977
128978
128979
128980
128981
128982
128983
128984
128985
128986
128987
128988
128989
128990
128991
128992
128993
128994
128995
128996
128997
128998
128999
129000
129001
129002
129003
129004
129005
129006
129007
129008
129009
129010
129011
129012
129013
129014
129015
129016
129017
129018
129019
129020
129021
129022
129023
129024
129025
129026
129027
129028
129029
129030
129031
129032
129033
129034
129035
129036
129037
129038
129039
129040
129041
129042
129043
129044
129045
129046
129047
129048
129049
129050
129051
129052
129053
129054
129055
129056
129057
129058
129059
129060
129061
129062
129063
129064
129065
129066
129067
129068
129069
129070
129071
129072
129073
129074
129075
129076
129077
129078
129079
129080
129081
129082
129083
129084
129085
129086
129087
129088
129089
129090
129091
129092
129093
129094
129095
129096
129097
129098
129099
129100
129101
129102
129103
129104
129105
129106
129107
129108
129109
129110
129111
129112
129113
129114
129115
129116
129117
129118
129119
129120
129121
129122
129123
129124
129125
129126
129127
129128
129129
129130
129131
129132
129133
129134
129135
129136
129137
129138
129139
129140
129141
129142
129143
129144
129145
129146
129147
129148
129149
129150
129151
129152
129153
129154
129155
129156
129157
129158
129159
129160
129161
129162
129163
129164
129165
129166
129167
129168
129169
129170
129171
129172
129173
129174
129175
129176
129177
129178
129179
129180
129181
129182
129183
129184
129185
129186
129187
129188
129189
129190
129191
129192
129193
129194
129195
129196
129197
129198
129199
129200
129201
129202
129203
129204
129205
129206
129207
129208
129209
129210
129211
129212
129213
129214
129215
129216
129217
129218
129219
129220
129221
129222
129223
129224
129225
129226
129227
129228
129229
129230
129231
129232
129233
129234
129235
129236
129237
129238
129239
129240
129241
129242
129243
129244
129245
129246
129247
129248
129249
129250
129251
129252
129253
129254
129255
129256
129257
129258
129259
129260
129261
129262
129263
129264
129265
129266
129267
129268
129269
129270
129271
129272
129273
129274
129275
129276
129277
129278
129279
129280
129281
129282
129283
129284
129285
129286
129287
129288
129289
129290
139421
139422
139423
139424
139425
139426
139427
139428
139429
139430
139431
139432
139433
139434
139435
139436
139437
139438
139439
139440
139441
139442
139443
139444
139445
139446
139447
139448
139449
139450
139451
139452
139453
139454
139455
139456
139457
139458
139459
139460
139461
139462
139463
139464
139465
139466
139467
139468
139469
139470
139471
139472
139473
139474
139475
139476
139477
139478
139479
139480
139481
139482
139483
139484
139485
139486
139487
139488
139489
139490
139491
139492
139493
139494
139495
139496
139497
139498
139499
139500
139501
139502
139503
139504
139505
139506
139507
139508
139509
139510
139511
139512
139513
139514
139515
139516
139517
139518
139519
139520
139521
139522
139523
139524
139525
139526
139527
139528
139529
139530
139531
139532
139533
139534
139535
139536
139537
139538
139539
139540
139541
139542
139543
139544
139545
139546
139547
139548
139549
139550
139551
139552
139553
139554
139555
139556
139557
139558
139559
139560
139561
139562
139563
139564
139565
139566
139567
139568
139569
139570
139571
139572
139573
139574
139575
139576
139577
139578
139579
139580
139581
139582
139583
139584
139585
139586
139587
139588
139589
139590
139591
139592
139593
139594
139595
139596
139597
139598
139599
139600
139601
139602
139603
139604
139605
139606
139607
139608
139609
139610
139611
139612
139613
139614
139615
139616
139617
139618
139619
139620
139621
139622
139623
139624
139625
139626
139627
139628
139629
139630
139631
139632
139633
139634
139635
139636
139637
139638
139639
139640
139641
139642
139643
139644
139645
139646
139647
139648
139649
139650
139651
139652
139653
139654
139655
139656
139657
139658
139659
139660
139661
139662
139663
139664
139665
139666
139667
139668
139669
139670
139671
139672
139673
139674
139675
139676
139677
139678
139679
139680
139681
139682
139683
139684
139685
139686
139687
139688
139689
139690
139691
139692
139693
139694
139695
139696
139697
139698
139699
139700
139701
139702
139703
139704
139705
139706
139707
139708
139709
139710
139711
139712
139713
139714
139715
139716
139717
139718
139719
139720
139721
139722
139723
139724
139725
139726
139727
139728
139729
139730
139731
139732
139733
139734
139735
139736
139737
139738
139739
139740
139741
139742
139743
139744
139745
139746
139747
139748
139749
139750
139751
139752
139753
139754
139755
139756
139757
139758
139759
139760
139761
139762
139763
139764
139765
139766
139767
139768
139769
139770
139771
139772
139773
139774
139775
139776
139777
139778
139779
139780
139781
139782
139783
139784
139785
139786
139787
139788
139789
139790
139791
139792
139793
139794
139795
139796
139797
139798
139799
139800
139801
139802
139803
139804
139805
139806
139807
139808
139809
139810
139811
139812
139813
139814
139815
139816
139817
139818
139819
139820
139821
139822
139823
139824
139825
139826
139827
139828
139829
139830
139831
139832
139833
139834
139835
139836
139837
139838
139839
139840
139841
139842
139843
139844
139845
139846
139847
139848
139849
139850
139851
139852
139853
139854
139855
139856
139857
139858
139859
139860
139861
139862
139863
139864
139865
139866
139867
139868
139869
139870
139871
139872
139873
139874
139875
139876
139877
139878
139879
139880
139881
139882
139883
139884
139885
139886
139887
139888
139889
139890
139891
139892
139893
139894
139895
139896
139897
139898
139899
139900
139901
139902
139903
139904
139905
139906
139907
139908
139909
139910
139911
139912
139913
139914
139915
139916
139917
139918
139919
139920
139921
139922
139923
139924
139925
139926
139927
139928
139929
139930
139931
139932
139933
139934
139935
139936
139937
139938
139939
139940
139941
139942
139943
139944
139945
139946
139947
139948
139949
139950
139951
139952
139953
139954
139955
139956
139957
139958
139959
139960
139961
139962
139963
139964
139965
139966
139967
139968
139969
139970
139971
139972
139973
139974
139975
139976
139977
139978
139979
139980
139981
139982
139983
139984
139985
139986
139987
139988
139989
139990
139991
139992
139993
139994
139995
139996
139997
139998
139999
140000
140001
140002
140003
140004
140005
140006
140007
140008
140009
140010
140011
140012
140013
140014
140015
140016
140017
140018
140019
140020
140021
140022
140023
140024
140025
140026
140027
140028
140029
140030
140031
140032
140033
140034
140035
140036
140037
140038
140039
140040
140041
140042
140043
140044
140045
140046
140047
140048
140049
140050
140051
140052
140053
140054
140055
140056
140057
140058
140059
140060
140061
140062
140063
140064
140065
140066
140067
140068
140069
140070
140071
140072
140073
140074
140075
140076
140077
140078
140079
140080
140081
140082
140083
140084
140085
140086
140087
140088
140089
140090
140091
140092
140093
140094
140095
140096
140097
140098
140099
140100
140101
140102
140103
140104
140105
140106
140107
140108
140109
140110
140111
140112
140113
140114
140115
140116
140117
140118
140119
140120
140121
140122
140123
140124
140125
140126
140127
140128
140129
140130
140131
140132
140133
140134
140135
140136
140137
140138
140139
140140
140141
140142
140143
140144
140145
140146
140147
140148
140149
140150
140151
140152
140153
140154
140155
140156
140157
140158
140159
140160
140161
140162
140163
140164
140165
140166
140167
140168
140169
140170
140171
140172
140173
140174
140175
140176
140177
140178
140179
140180
140181
140182
140183
140184
140185
140186
140187
140188
140189
140190
140191
140192
140193
140194
140195
140196
140197
140198
140199
140200
140201
140202
140203
140204
140205
140206
140207
140208
140209
140210
140211
140212
140213
140214
140215
140216
140217
140218
140219
140220
140221
140222
140223
140224
140225
140226
140227
140228
140229
140230
140231
140232
140233
140234
140235
140236
140237
140238
140239
140240
140241
140242
140243
140244
140245
140246
140247
140248
140249
140250
140251
140252
140253
140254
140255
140256
140257
140258
140259
140260
140261
140262
140263
140264
140265
140266
140267
140268
140269
140270
140271
140272
140273
140274
140275
140276
140277
140278
140279
140280
140281
140282
140283
140284
140285
140286
140287
140288
140289
140290
140291
140292
140293
140294
140295
140296
140297
140298
140299
140300
140301
140302
140303
140304
140305
140306
140307
140308
140309
140310
140311
140312
140313
140314
140315
140316
140317
140318
140319
140320
140321
140322
140323
140324
140325
140326
140327
140328
140329
140330
140331
140332
140333
140334
140335
140336
140337
140338
140339
140340
140341
140342
140343
140344
140345
140346
140347
140348
140349
140350
140351
140352
140353
140354
140355
140356
140357
140358
140359
140360
140361
140362
140363
140364
140365
140366
140367
140368
140369
140370
140371
140372
140373
140374
140375
140376
140377
140378
140379
140380
140381
140382
140383
140384
140385
140386
140387
140388
140389
140390
140391
140392
140393
140394
140395
140396
140397
140398
140399
140400
140401
140402
140403
140404
140405
140406
140407
140408
140409
140410
140411
140412
140413
140414
140415
140416
140417
140418
140419
140420
140421
140422
140423
140424
140425
140426
140427
140428
140429
140430
140431
140432
140433
140434
140435
140436
140437
140438
140439
140440
140441
140442
140443
140444
140445
140446
140447
140448
140449
140450
140451
140452
140453
140454
140455
140456
140457
140458
140459
140460
140461
140462
140463
140464
140465
140466
140467
140468
140469
140470
140471
140472
140473
140474
140475
140476
140477
140478
140479
140480
140481
140482
140483
140484
140485
140486
140487
140488
140489
140490
140491
140492
140493
140494
140495
140496
140497
140498
140499
140500
140501
140502
140503
140504
140505
140506
140507
140508
140509
140510
140511
140512
140513
140514
140515
140516
140517
140518
140519
140520
140521
140522
140523
140524
140525
140526
140527
140528
140529
140530
140531
140532
140533
140534
140535
140536
140537
140538
140539
140540
140541
140542
140543
140544
140545
140546
140547
140548
140549
140550
140551
140552
140553
140554
140555
140556
140557
140558
140559
140560
140561
140562
140563
140564
140565
140566
140567
140568
140569
140570
140571
140572
140573
140574
140575
140576
140577
140578
140579
140580
149412
149413
149414
149415
149416
149417
149418
149419
149420
149421
149422
149423
149424
149425
149426
149427
149428
149429
149430
149431
149432
149433
149434
149435
149436
149437
149438
149439
149440
149441
149442
149443
149444
149445
149446
149447
149448
149449
149450
149451
149452
149453
149454
149455
149456
149457
149458
149459
149460
149461
149462
149463
149464
149465
149466
149467
149468
149469
149470
149471
149472
149473
149474
149475
149476
149477
149478
149479
149480
149481
149482
149483
149484
149485
149486
149487
149488
149489
149490
149491
149492
149493
149494
149495
149496
149497
149498
149499
149500
149501
149502
149503
149504
149505
149506
149507
149508
149509
149510
149511
149512
149513
149514
149515
149516
149517
149518
149519
149520
149521
149522
149523
149524
149525
149526
149527
149528
149529
149530
149531
149532
149533
149534
149535
149536
149537
149538
149539
149540
149541
149542
149543
149544
149545
149546
149547
149548
149549
149550
149551
149552
149553
149554
149555
149556
149557
149558
149559
149560
149561
149562
149563
149564
149565
149566
149567
149568
149569
149570
149571
149572
149573
149574
149575
149576
149577
149578
149579
149580
149581
149582
149583
149584
149585
149586
149587
149588
149589
149590
149591
149592
149593
149594
149595
149596
149597
149598
149599
149600
149601
149602
149603
149604
149605
149606
149607
149608
149609
149610
149611
149612
149613
149614
149615
149616
149617
149618
149619
149620
149621
149622
149623
149624
149625
149626
149627
149628
149629
149630
149631
149632
149633
149634
149635
149636
149637
149638
149639
149640
149641
149642
149643
149644
149645
149646
149647
149648
149649
149650
149651
149652
149653
149654
149655
149656
149657
149658
149659
149660
149661
149662
149663
149664
149665
149666
149667
149668
149669
149670
149671
149672
149673
149674
149675
149676
149677
149678
149679
149680
149681
149682
149683
149684
149685
149686
149687
149688
149689
149690
149691
149692
149693
149694
149695
149696
149697
149698
149699
149700
149701
149702
149703
149704
149705
149706
149707
149708
149709
149710
149711
149712
149713
149714
149715
149716
149717
149718
149719
149720
149721
149722
149723
149724
149725
149726
149727
149728
149729
149730
149731
149732
149733
149734
149735
149736
149737
149738
149739
149740
149741
149742
149743
149744
149745
149746
149747
149748
149749
149750
149751
149752
149753
149754
149755
149756
149757
149758
149759
149760
149761
149762
149763
149764
149765
149766
149767
149768
149769
149770
149771
149772
149773
149774
149775
149776
149777
149778
149779
149780
149781
149782
149783
149784
149785
149786
149787
149788
149789
149790
149791
149792
149793
149794
149795
149796
149797
149798
149799
149800
149801
149802
149803
149804
149805
149806
149807
149808
149809
149810
149811
149812
149813
149814
149815
149816
149817
149818
149819
149820
149821
149822
149823
149824
149825
149826
149827
149828
149829
149830
149831
149832
149833
149834
149835
149836
149837
149838
149839
149840
149841
149842
149843
149844
149845
149846
149847
149848
149849
149850
149851
149852
149853
149854
149855
149856
149857
149858
149859
149860
149861
149862
149863
149864
149865
149866
149867
149868
149869
149870
149871
149872
149873
149874
149875
149876
149877
149878
149879
149880
149881
149882
149883
149884
149885
149886
149887
149888
149889
149890
149891
149892
149893
149894
149895
149896
149897
149898
149899
149900
149901
149902
149903
149904
149905
149906
149907
149908
149909
149910
149911
149912
149913
149914
149915
149916
149917
149918
149919
149920
149921
149922
149923
149924
149925
149926
149927
149928
149929
149930
149931
149932
149933
149934
149935
149936
149937
149938
149939
149940
149941
149942
149943
149944
149945
149946
149947
149948
149949
149950
149951
149952
149953
149954
149955
149956
149957
149958
149959
149960
149961
149962
149963
149964
149965
149966
149967
149968
149969
149970
149971
149972
149973
149974
149975
149976
149977
149978
149979
149980
149981
149982
149983
149984
149985
149986
149987
149988
149989
149990
149991
149992
149993
149994
149995
149996
149997
149998
149999
150000
150001
150002
150003
150004
150005
150006
150007
150008
150009
150010
150011
150012
150013
150014
150015
150016
150017
150018
150019
150020
150021
150022
150023
150024
150025
150026
150027
150028
150029
150030
150031
150032
150033
150034
150035
150036
150037
150038
150039
150040
150041
150042
150043
150044
150045
150046
150047
150048
150049
150050
150051
150052
150053
150054
150055
150056
150057
150058
150059
150060
150061
150062
150063
150064
150065
150066
150067
150068
150069
150070
150071
150072
150073
150074
150075
150076
150077
150078
150079
150080
150081
150082
150083
150084
150085
150086
150087
150088
150089
150090
150091
150092
150093
150094
150095
150096
150097
150098
150099
150100
150101
150102
150103
150104
150105
150106
150107
150108
150109
150110
150111
150112
150113
150114
150115
150116
150117
150118
150119
150120
150121
150122
150123
150124
150125
150126
150127
150128
150129
150130
150131
150132
150133
150134
150135
150136
150137
150138
150139
150140
150141
150142
150143
150144
150145
150146
150147
150148
150149
150150
150151
150152
150153
150154
150155
150156
150157
150158
150159
150160
150161
150162
150163
150164
150165
150166
150167
150168
150169
150170
150171
150172
150173
150174
150175
150176
150177
150178
150179
150180
150181
150182
150183
150184
150185
150186
150187
150188
150189
150190
150191
150192
150193
150194
150195
150196
150197
150198
150199
150200
150201
150202
150203
150204
150205
150206
150207
150208
150209
150210
150211
150212
150213
150214
150215
150216
150217
150218
150219
150220
150221
150222
150223
150224
150225
150226
150227
150228
150229
150230
150231
150232
150233
150234
150235
150236
150237
150238
150239
150240
150241
150242
150243
150244
150245
150246
150247
150248
150249
150250
150251
150252
150253
150254
150255
150256
150257
150258
150259
150260
150261
150262
150263
150264
150265
150266
150267
150268
150269
150270
150271
150272
150273
150274
150275
150276
150277
150278
150279
150280
150281
150282
150283
150284
150285
150286
150287
150288
150289
150290
150291
150292
150293
150294
150295
150296
150297
150298
150299
150300
150301
150302
150303
150304
150305
150306
150307
150308
150309
150310
150311
150312
150313
150314
150315
150316
150317
150318
150319
150320
150321
150322
150323
150324
150325
150326
150327
150328
150329
150330
150331
150332
150333
150334
150335
150336
150337
150338
150339
150340
150341
150342
150343
150344
150345
150346
150347
150348
150349
150350
150351
150352
150353
150354
150355
150356
150357
150358
150359
150360
150361
150362
150363
150364
150365
150366
150367
150368
150369
150370
150371
150372
150373
150374
150375
150376
150377
150378
150379
150380
150381
150382
150383
150384
150385
150386
150387
150388
150389
150390
150391
150392
150393
150394
150395
150396
150397
150398
150399
150400
150401
150402
150403
150404
150405
150406
150407
150408
150409
150410
150411
150412
150413
150414
150415
150416
150417
150418
150419
150420
150421
150422
150423
150424
150425
150426
150427
150428
150429
150430
150431
150432
150433
150434
150435
150436
150437
150438
150439
150440
150441
150442
150443
150444
150445
150446
150447
150448
150449
150450
150451
150452
150453
150454
150455
150456
150457
150458
150459
150460
150461
150462
150463
150464
150465
150466
150467
150468
150469
150470
150471
150472
150473
150474
150475
150476
150477
150478
150479
150480
150481
150482
150483
150484
150485
150486
150487
150488
150489
150490
150491
150492
150493
150494
150495
150496
150497
150498
150499
150500
150501
150502
150503
150504
150505
150506
150507
150508
150509
150510
150511
150512
150513
150514
150515
150516
150517
150518
150519
150520
150521
150522
150523
150524
150525
150526
150527
150528
150529
150530
150531
150532
150533
150534
150535
150536
150537
150538
150539
150540
150541
150542
150543
150544
150545
150546
150547
150548
150549
150550
150551
150552
150553
150554
150555
150556
150557
150558
150559
150560
150561
150562
150563
150564
150565
150566
150567
150568
150569
150570
150571
150572
150573
150574
150575
150576
150577
150578
150579
150580
150581
150582
150583
150584
150585
150586
150587
150588
150589
150590
150591
150592
150593
150594
150595
150596
150597
150598
150599
150600
150601
150602
150603
150604
150605
150606
150607
150608
150609
150610
150611
150612
150613
150614
150615
150616
150617
150618
150619
150620
150621
150622
150623
150624
150625
150626
150627
150628
150629
150630
150631
150632
150633
150634
150635
150636
150637
150638
150639
150640
150641
150642
150643
150644
150645
150646
150647
150648
150649
150650
150651
150652
150653
150654
150655
150656
150657
150658
150659
150660
150661
150662
150663
150664
150665
150666
150667
150668
150669
150670
150671
150672
150673
150674
150675
150676
150677
150678
150679
150680
150681
150682
150683
150684
150685
150686
150687
150688
150689
150690
150691
150692
150693
150694
150695
150696
150697
150698
150699
150700
150701
150702
150703
150704
150705
150706
150707
150708
150709
150710
150711
150712
150713
150714
150715
150716
150717
150718
150719
150720
150721
150722
150723
150724
150725
150726
150727
150728
150729
150730
150731
150732
150733
150734
150735
150736
150737
150738
150739
150740
150741
150742
150743
150744
150745
150746
150747
150748
150749
150750
150751
150752
150753
150754
150755
150756
150757
150758
150759
150760
150761
150762
150763
150764
150765
150766
150767
150768
150769
150770
150771
150772
150773
150774
150775
150776
150777
150778
150779
150780
150781
150782
150783
150784
150785
150786
150787
150788
150789
150790
150791
150792
150793
150794
150795
150796
150797
150798
150799
150800
150801
150802
150803
150804
150805
150806
150807
150808
150809
150810
150811
150812
150813
150814
150815
150816
150817
150818
150819
150820
150821
150822
150823
150824
150825
150826
150827
150828
150829
150830
150831
150832
150833
150834
150835
150836
150837
150838
150839
150840
150841
150842
150843
150844
150845
150846
150847
150848
150849
150850
150851
150852
150853
150854
150855
150856
150857
150858
150859
150860
150861
150862
150863
150864
150865
150866
150867
150868
150869
150870
150871
150872
150873
150874
150875
150876
150877
150878
150879
150880
150881
150882
150883
150884
150885
150886
150887
150888
150889
150890
150891
150892
150893
150894
150895
150896
150897
150898
150899
150900
150901
150902
150903
150904
150905
150906
150907
150908
150909
150910
150911
150912
150913
150914
150915
150916
150917
150918
150919
150920
150921
150922
150923
150924
150925
150926
150927
150928
150929
150930
150931
150932
150933
150934
150935
150936
150937
150938
150939
150940
150941
150942
150943
150944
150945
150946
150947
150948
150949
150950
150951
150952
150953
150954
150955
150956
150957
150958
150959
150960
150961
150962
150963
150964
150965
150966
150967
150968
150969
150970
150971
150972
150973
150974
150975
150976
150977
150978
150979
150980
150981
150982
150983
150984
150985
150986
150987
150988
150989
150990
150991
150992
150993
150994
150995
150996
150997
150998
150999
151000
151001
151002
151003
151004
151005
151006
151007
151008
151009
151010
151011
151012
151013
151014
151015
151016
151017
151018
151019
151020
151021
151022
151023
151024
151025
151026
151027
151028
151029
151030
151031
151032
151033
151034
151035
151036
151037
151038
151039
151040
151041
151042
151043
151044
151045
151046
151047
151048
151049
151050
151051
151052
151053
151054
151055
151056
151057
151058
151059
151060
151061
151062
151063
151064
151065
151066
151067
151068
151069
151070
151071
151072
151073
151074
151075
151076
151077
151078
151079
151080
151081
151082
151083
151084
151085
151086
151087
151088
151089
151090
151091
151092
151093
151094
151095
151096
151097
151098
151099
151100
151101
151102
151103
151104
151105
151106
151107
151108
151109
151110
151111
151112
151113
151114
151115
151116
151117
151118
151119
151120
151121
151122
151123
151124
151125
151126
151127
151128
151129
151130
151131
151132
151133
151134
151135
151136
151137
151138
151139
151140
151141
151142
151143
151144
151145
151146
151147
151148
151149
151150
151151
151152
151153
151154
151155
151156
151157
151158
151159
151160
151161
151162
151163
151164
151165
151166
151167
151168
151169
151170
151171
151172
151173
151174
151175
151176
151177
151178
151179
151180
151181
151182
151183
151184
151185
151186
151187
151188
151189
151190
151191
151192
151193
151194
151195
151196
151197
151198
151199
151200
151201
151202
151203
151204
151205
151206
151207
151208
151209
151210
151211
151212
151213
151214
151215
151216
151217
151218
151219
151220
151221
151222
151223
151224
151225
151226
151227
151228
151229
151230
151231
151232
151233
151234
151235
151236
151237
151238
151239
151240
151241
151242
151243
151244
151245
151246
151247
151248
151249
151250
151251
151252
151253
151254
157387
157388
157389
157390
157391
157392
157393
157394
157395
157396
157397
157398
157399
157400
157401
157402
157403
157404
157405
157406
157407
157408
157409
157410
157411
157412
157413
157414
157415
157416
157417
157418
157419
157420
157421
157422
157423
157424
157425
157426
157427
157428
157429
157430
157431
157432
157433
157434
157435
157436
157437
157438
157439
157440
157441
157442
157443
157444
157445
157446
157447
157448
157449
157450
157451
157452
157453
157454
157455
157456
157457
157458
157459
157460
157461
157462
157463
157464
157465
157466
157467
157468
157469
157470
157471
157472
157473
157474
157475
157476
157477
157478
157479
157480
157481
157482
157483
157484
157485
157486
157487
157488
157489
157490
157491
157492
157493
157494
157495
157496
157497
157498
157499
157500
157501
157502
157503
157504
157505
157506
157507
157508
157509
157510
157511
157512
157513
157514
157515
157516
157517
157518
157519
157520
157521
157522
157523
157524
157525
157526
157527
157528
157529
157530
157531
157532
157533
157534
157535
157536
157537
157538
157539
157540
157541
157542
157543
157544
157545
157546
157547
157548
157549
157550
157551
157552
157553
157554
157555
157556
157557
157558
157559
157560
157561
157562
157563
157564
157565
157566
157567
157568
157569
157570
157571
157572
157573
157574
157575
157576
157577
157578
157579
157580
157581
157582
157583
157584
157585
157586
157587
157588
157589
157590
157591
157592
157593
157594
157595
157596
157597
157598
157599
157600
157601
157602
157603
157604
157605
157606
157607
157608
157609
157610
157611
157612
157613
157614
157615
157616
157617
157618
157619
157620
157621
157622
157623
157624
157625
157626
157627
157628
157629
157630
157631
157632
157633
157634
157635
157636
157637
157638
157639
157640
157641
157642
157643
157644
157645
157646
157647
157648
157649
157650
157651
157652
157653
157654
157655
157656
157657
157658
157659
157660
157661
157662
157663
157664
157665
157666
157667
157668
157669
157670
157671
157672
157673
157674
157675
157676
157677
157678
157679
157680
157681
157682
157683
157684
157685
157686
157687
157688
157689
157690
157691
157692
157693
157694
157695
157696
157697
157698
157699
157700
157701
157702
157703
157704
157705
157706
157707
157708
157709
157710
157711
157712
157713
157714
157715
157716
157717
157718
157719
157720
157721
157722
157723
157724
157725
157726
157727
157728
157729
157730
157731
157732
157733
157734
157735
157736
157737
157738
157739
157740
157741
157742
157743
157744
157745
157746
157747
157748
157749
157750
157751
157752
157753
157754
157755
157756
157757
157758
157759
157760
157761
157762
157763
157764
157765
157766
157767
157768
157769
157770
157771
157772
157773
157774
157775
157776
157777
157778
157779
157780
157781
157782
157783
157784
157785
157786
157787
157788
157789
163899
163900
163901
163902
163903
163904
163905
163906
163907
163908
163909
163910
163911
163912
163913
163914
163915
163916
163917
163918
163919
163920
163921
163922
