15
17
20
21
22
23
24
34
35
36
37
38
39
40
79
93
151
167
170
171
172
296
297
298
299
300
712
878
1184
1373
1401
1402
1404
1410
1411
1412
1495
1496
1497
1498
1499
1510
1511
1517
1518
1519
1520
1523
1524
1525
1527
1528
1532
1534
1535
1538
1574
1586
1587
1595
1598
1602
1603
1604
1605
1606
1607
1608
1609
1610
1611
1615
1616
1617
1618
1619
1620
1621
1622
1623
1640
1641
1642
1643
1644
1654
3458
3467
3468
3473
3474
3475
3476
3477
3479
3480
3481
3482
3483
3484
3485
3486
3487
3488
3489
3490
3491
3492
3493
3494
3495
3496
3497
3502
3503
3504
3505
3506
3507
3508
3509
3510
3511
3512
3513
3514
3515
3516
3517
3518
3519
3520
3521
3522
3523
3524
3525
3526
3527
3528
3529
3530
3531
3532
3533
3534
3535
3536
3537
3538
3539
3540
3541
3542
3543
3544
3545
3546
3547
3548
3549
3550
3551
3553
3554
3555
3556
3557
3558
3559
3560
3561
3562
3563
3564
3567
3571
3572
3576
3577
3578
3580
3583
3584
3585
3586
3587
3588
3589
3590
3591
3592
3594
3595
3596
3597
3598
3599
3600
3601
3602
3603
3604
3605
3606
3607
3608
3609
3610
3611
3612
3613
3614
3615
3616
3617
3618
3619
3620
3621
3622
3623
3624
3625
3626
3627
3628
3629
3630
3631
3632
3633
3634
3635
3636
3637
3638
3639
3640
3641
3642
3643
3644
3645
3646
3647
3648
3649
3650
3651
3652
3653
3654
3655
3656
3657
3658
3659
3660
3661
3662
3663
3664
3665
3666
3667
3668
3669
3670
3671
3672
3673
3674
3675
3676
3677
3678
3679
3680
3681
3682
3683
3684
3685
3686
3687
3688
3689
3690
3691
3692
3693
3694
3695
3696
3697
3698
3699
3700
3701
3702
3703
3704
3705
3706
3707
3708
3709
3710
3711
3712
3713
3714
3715
3716
3717
3718
3719
3720
3721
3722
3723
3724
3725
3726
3727
3728
3729
3730
3731
3732
3733
3734
3737
3738
3739
3740
3741
3742
3743
3744
3745
3746
3747
3748
3749
3750
3751
3752
3753
3754
3755
3756
3757
3758
3759
3760
3761
3762
3763
3765
3766
3767
3768
3769
4386
4487
4549
4550
4551
4552
5611
11965
11966
11967
11968
11969
11970
11971
11972
11973
11974
11975
11976
13169
13171
13172
13173
13174
13175
13176
13177
13180
13181
13183
13184
13185
13186
13187
13188
13189
13190
13191
13192
13193
13194
13195
13196
13199
13200
13203
13204
13205
13206
13207
13213
13214
13215
13216
13217
13218
13219
13220
13221
13222
13223
13224
13225
13226
13227
13228
13229
13230
13231
13232
13233
13234
13235
13236
13237
13238
13239
13240
13241
13242
13243
13244
13245
13246
13247
13248
13249
13250
13251
13252
13253
13254
13255
13256
13257
13258
13259
13260
13261
13263
13264
13265
13266
13267
13268
13269
13270
13271
13272
13273
13274
13275
13276
13277
13278
13279
13280
13281
13282
13283
13285
13286
13287
13288
13289
13290
13291
13292
13293
13294
13295
13296
13297
13298
13299
13300
13301
13302
13303
13304
13306
13307
13308
13309
13310
13311
13312
13313
13314
13315
13316
13317
13318
13319
13320
13321
13322
13323
13324
13325
13326
13327
13328
13329
13330
13331
13332
13333
13334
13335
13336
13337
13338
13339
13340
13341
13342
13343
13344
13356
13357
13360
13361
13362
13364
13365
13366
13367
13368
13369
13370
13371
13372
13375
13376
13378
13379
13380
13381
13382
13384
13385
13386
13387
13388
13389
13390
13391
13392
13393
13394
13395
13396
13397
13398
13399
13400
13404
13405
13406
13407
13408
13409
13410
13411
13412
13413
13414
13415
13416
13417
13418
13419
13420
13421
13422
13423
13424
13425
13426
13427
13428
13429
13430
13431
13432
13433
13434
13435
13436
13437
13438
13439
13440
13441
13442
13443
13444
13445
13446
13447
13448
13449
13450
13451
13452
13453
13454
13455
13456
13457
13458
13459
13460
13461
13462
13463
13464
13465
13466
13467
13468
13469
13470
13471
13472
13473
13474
13475
13476
13477
13478
13480
13481
13482
13483
13484
13485
13486
13487
13488
13489
13490
13491
13492
13493
13494
13495
13496
13497
13498
13499
13500
13501
13502
13503
13504
13505
13506
13507
13508
13509
13510
13511
13512
13513
13514
13515
13516
13517
13518
13519
13520
13521
13522
13523
13525
13529
13531
13537
13542
13543
13544
13545
13546
13749
13750
13754
13756
13757
13758
13759
13760
13761
13762
13763
13764
13765
13766
13767
13769
13771
13772
13773
13775
13776
13777
13778
13779
13780
13781
13782
13783
13784
13785
13786
13787
13788
13789
13790
13791
13792
13793
13794
13795
13796
13799
13800
13801
13802
13803
13804
13805
13806
13807
13813
13814
13818
13819
13820
13821
13822
13823
13824
13825
13826
13827
13828
13829
13830
13831
13832
13833
16275
16280
16283
16286
16322
16329
16350
16381
16393
16401
16404
16411
16414
16429
16462
16470
16482
16496
16503
16505
16511
16520
16525
16526
16533
16543
16544
16552
16557
16575
16587
16588
16610
16612
16618
16635
16644
16645
16652
16675
16689
16690
16699
16702
16716
16730
16766
16785
16786
16794
16809
16810
16821
16828
16834
16835
16838
16839
16844
16849
16854
16864
16870
16873
16875
16878
16890
16894
16900
16942
16943
16962
16963
16967
16971
16985
16992
16993
16994
17016
17020
17035
17036
17043
17063
17071
17073
17090
17096
17098
17126
17130
17134
17135
17148
17149
17155
17160
17169
17177
17181
17188
17189
17190
17197
17208
17217
17220
17241
17251
17253
17254
17255
17256
17258
17259
17264
17267
17280
17281
17284
17321
17324
17346
17355
17377
17383
17388
17390
17400
17401
17416
17423
17424
17441
17442
17443
17451
17452
17459
17480
17489
17498
17499
17518
17522
17529
17532
17534
17536
17540
17547
17556
17557
17562
17575
17594
17607
17609
17618
17632
17643
17649
17653
17671
17689
17698
17699
17700
17701
17703
17704
17705
17717
17718
17720
17747
17749
17759
17767
17772
17784
17793
17813
17836
17842
17843
17845
17846
17847
17849
17855
17864
17876
17878
17886
17896
17915
17923
17946
17951
17960
17962
17964
17974
17978
17982
17987
17990
17992
18007
18012
18014
18026
18035
18044
18050
18061
18067
18068
18083
18107
18123
18126
18132
18134
18144
18145
18173
18176
18181
18184
18186
18208
18213
18214
18228
18231
18254
18259
18272
18280
18283
18290
18293
18299
18309
18311
18336
18339
18345
18371
18372
18375
18382
18405
18410
18429
18430
18431
18435
18455
18475
18491
18499
18500
18532
18534
18538
18542
18547
18551
18561
18563
18571
18578
18579
18580
18587
18597
18607
18609
18617
18624
18626
18636
18644
18655
18659
18662
18664
18676
18681
18682
18711
18720
18755
18757
18790
18792
18793
18798
18803
18810
18855
18858
18859
18861
18865
18872
18893
18904
18912
18928
18946
18950
18951
18974
18978
18983
18984
18989
18992
18998
19006
19007
19016
19034
19043
19048
19057
19061
19064
19071
19081
19093
19106
19133
19134
19138
19157
19164
19193
19204
19206
19216
19217
19224
19226
19232
19244
19257
19271
19275
19276
19277
19280
19299
19300
19302
19318
19323
19328
19348
19349
19350
19354
19356
19366
19384
19391
19400
19401
19405
19407
19416
19424
19426
19431
19445
19447
19449
19461
19475
19483
19493
19502
19509
19510
19520
19531
19551
19555
19558
19569
19570
19571
19573
19584
19589
19614
19615
19620
19656
19675
19688
19689
19693
19694
19700
19701
19710
19713
19729
19730
19743
19764
19793
19795
19796
19797
19818
19834
19842
19846
19868
19869
19871
19873
19916
19927
19930
19932
19949
19958
19961
19967
19968
19976
19978
19985
19989
20031
20034
20035
20040
20045
20051
20054
20087
20088
20090
20091
20122
20152
20161
20167
20181
20194
20199
20204
20205
20206
20244
20252
20253
20254
20269
20271
20273
20275
20288
20296
20303
20317
20335
20344
20359
20366
20369
20370
20388
20410
20420
20429
20450
20457
20483
20494
20511
20512
20526
20531
20543
20544
20557
20591
20604
20610
20627
20633
20638
20642
20643
20646
20675
20680
20685
20691
20703
20718
20734
20742
20771
20772
20779
20781
20782
20784
20822
20839
20850
20851
20870
20880
20890
20897
20911
20926
20937
20939
20947
20948
20949
20986
20989
21002
21003
21015
21025
21027
21046
21064
21098
21103
21127
21136
21163
21168
21178
21180
21181
21182
21190
21220
21225
21242
21257
21274
21277
21278
21292
21297
21306
21315
21323
21325
21327
21334
21346
21348
21361
21364
21373
21377
21392
21395
21399
21408
21413
21416
21419
21424
21437
21470
21478
21498
21504
21506
21507
21508
21516
21529
21530
21557
21562
21563
21564
21593
21603
21607
21610
21622
21627
21640
21642
21649
21654
21658
21662
21684
21685
21704
21713
21725
21741
21742
21744
21778
21800
21804
21811
21821
21825
21826
21827
21837
21853
21874
21881
21882
21892
21904
21924
21931
21938
21939
21953
21976
21983
22000
22007
22022
22033
22059
22071
22074
22079
22112
22117
22136
22145
22148
22149
22151
22169
22181
22199
22203
22208
22217
22220
22221
22243
22260
22266
22267
22268
22269
22273
22278
22289
22290
22293
22322
22330
22353
22358
22359
22386
22399
22404
22405
22406
22419
22423
22432
22437
22439
22449
22450
22453
22465
22466
22468
22472
22479
22482
22490
22491
22502
22530
22535
22541
22544
22545
22549
22564
22589
22598
22620
22632
22643
22658
22659
22660
22671
22684
22685
22690
22698
22704
22711
22723
22724
22735
22781
22792
22805
22816
22820
22854
22858
22859
22860
22873
22876
22877
22889
22897
22908
22910
22927
22961
22967
22983
22986
22998
22999
23011
23022
23090
23100
23105
23125
23130
23139
23173
23176
23178
23180
23186
23195
23205
23212
23221
23235
23250
23271
23277
23307
23318
23324
23325
23327
23330
23331
23339
23340
23356
23371
23381
23382
23393
23423
23425
23428
23436
23453
23460
23480
23490
23494
23510
23514
23526
23533
23538
23551
23561
23578
23579
23585
23587
23591
23611
23641
23642
23652
23654
23656
23659
23669
23670
23671
23678
23703
23709
23727
23730
23731
23737
23747
23748
23753
23781
23787
23814
23844
23864
23879
23893
23902
23908
23934
23953
23957
23973
23993
24000
24035
24040
24056
24059
24070
24087
24090
24093
24112
24122
24130
24133
24137
24162
24163
24176
24180
24182
24187
24192
24197
24235
24238
24249
24261
24262
24286
24326
24328
24331
24352
24367
24375
24395
24403
24414
24433
24434
24435
24451
24468
24489
24490
24504
24512
24528
24535
24537
24558
24559
24566
24568
24569
24583
24585
24587
24615
24617
24619
24620
24627
24629
24632
24645
24648
24652
24673
24698
24715
24741
24748
24760
24763
24765
24766
24771
24787
24788
24814
24822
24836
24841
24858
24865
24886
24914
24933
24940
24941
24957
24963
24973
25003
25020
25036
25066
25067
25070
25073
25076
25080
25082
25089
25095
25120
25121
25133
25135
25136
25163
25169
25171
25196
25207
25209
25229
25231
25233
25237
25247
25278
25279
25290
25318
25331
25332
25348
25349
25373
25388
25400
25405
25413
25421
25433
25443
25448
25493
25496
25497
25499
25510
25525
25533
25534
25535
25564
25565
25573
25585
25589
25602
25607
25611
25619
25623
25633
25638
25657
25679
25686
25688
25699
25712
25718
25720
25725
25728
25735
25736
25759
25771
25778
25781
25810
25822
25823
25831
25852
25856
25857
25892
25923
25932
25935
25957
25986
26011
26022
26035
26064
26090
26091
26103
26105
26111
26123
26136
26137
26140
26142
26155
26156
26194
26198
26208
26210
26212
26218
26221
26226
26237
26241
26260
26272
26280
26300
26322
26334
26335
26351
26352
26353
26354
26355
26356
26358
26361
26368
26412
26429
26435
26450
26453
26476
26542
26549
26550
26557
26562
26568
26582
26602
26616
26632
26645
26652
26655
26656
26660
26670
26680
26691
26712
26719
26741
26754
26755
26757
26794
26808
26810
26819
26821
26827
26836
26849
26868
26877
26902
26921
26937
26957
26958
26960
26962
26983
26990
26991
26994
27001
27002
27005
27010
27019
27024
27032
27040
27047
27060
27090
27091
27094
27106
27118
27121
27137
27142
27157
27163
27182
27187
27197
27205
27246
27260
27267
27268
27275
27278
27297
27298
27299
27303
27304
27314
27328
27332
27333
27334
27335
27360
27379
27389
27406
27425
27431
27432
27448
27449
27450
27451
27452
27467
27482
27485
27491
27501
27508
27516
27518
27530
27560
27565
27570
27588
27597
27606
27622
27650
27651
27652
27653
27662
27664
27682
27693
27700
27701
27706
27730
27735
27743
27813
27821
27828
27849
27863
27864
27869
27870
27891
27899
27901
27911
27921
27925
27941
27952
27971
27977
28022
28023
28036
28045
28051
28053
28058
28061
28068
28070
28086
28092
28102
28115
28147
28155
28183
28194
28199
28207
28214
28264
28283
28289
28296
28304
28315
28326
28347
28348
28356
28363
28365
28383
28387
28398
28406
28436
28454
28477
28492
28496
28503
28520
28526
28535
28540
28545
28550
28553
28569
28580
28598
28619
28626
28627
28628
28642
28648
28649
28666
28667
28668
28670
28674
28675
28688
28693
28696
28697
28704
28705
28706
28708
28714
28715
28718
28725
28726
28736
28752
28756
28760
28763
28783
28784
28794
28825
28828
28829
28830
28837
28848
28858
28861
28866
28870
28872
28882
28896
28897
28907
28918
28951
28954
28976
28986
28993
29013
29021
29023
29038
29045
29047
29067
29097
29130
29131
29132
29145
29162
29183
29205
29214
29216
29230
29238
29246
29255
29256
29277
29283
29284
29289
29292
29296
29298
29312
29318
29325
29341
29353
29354
29366
29378
29385
29391
29403
29409
29454
29477
29480
29519
29520
29525
29529
29536
29554
29563
29569
29571
29577
29579
29590
29595
29618
29622
29623
29624
29631
29632
29655
29666
29690
29691
29692
29693
29699
29701
29719
29725
29734
29735
29748
29753
29754
29759
29766
29767
29777
29815
29833
29844
29845
29859
29869
29879
29881
29891
29910
29916
30012
30025
30050
30059
30066
30075
30076
30078
30079
30137
30146
30157
30160
30169
30170
30183
30185
30193
30194
30196
30202
30235
30248
30259
30262
30279
30284
30291
30305
30307
30313
30318
30325
30328
30333
30356
30360
30373
30382
30383
30400
30406
30411
30448
30457
30463
30473
30475
30480
30484
30487
30488
30492
30493
30494
30510
30536
30543
30544
30545
30554
30563
30574
30579
30583
30589
30609
30618
30666
30676
30680
30686
30690
30695
30698
30700
30722
30736
30737
30738
30747
30750
30775
30806
30807
30815
30821
30843
30853
30855
30861
30888
30889
30897
30915
30922
30932
30941
30952
30954
30955
30964
30966
30967
30987
30994
30998
31008
31020
31048
31058
31069
31071
31072
31074
31080
31081
31085
31110
31128
31153
31156
31167
31169
31170
31171
31172
31179
31194
31195
31221
31227
31228
31243
31251
31256
31259
31302
31303
31314
31317
31318
31328
31352
31359
31407
31412
31413
31414
31421
31449
31450
31469
31476
31478
31486
31488
31490
31496
31498
31508
31519
31532
31536
31558
31559
31582
31599
31623
31625
31628
31629
31632
31635
31652
31654
31663
31723
31726
31727
31747
31755
31775
31777
31796
31825
31828
31831
31835
31866
31869
31875
31882
31883
31885
31916
31938
31951
31955
31961
31969
31972
31978
31996
32001
32013
32019
32038
32047
32048
32067
32073
32084
32085
32102
32106
32109
32124
32132
32159
32175
32177
32178
32179
32180
32182
32185
32187
32188
32227
32243
32249
32273
32284
32321
32341
32346
32352
32362
32376
32396
32416
32423
32452
32453
32454
32455
32458
32474
32483
32509
32518
32523
32531
32550
32555
32581
32602
32606
32607
32614
32615
32617
32619
32662
32682
32701
32710
32721
32760
32764
32782
32791
32798
32804
32813
32824
32832
32833
32876
32880
32884
32917
32920
32931
32935
32937
32980
32988
33000
33023
33031
33034
33036
33057
33087
33141
33154
33155
33159
33171
33172
33176
33183
33186
33250
33254
33260
33261
33287
33289
33296
33297
33298
33299
33303
33304
33317
33323
33358
33383
33389
33400
33403
33405
33413
33422
33435
33446
33456
33457
33458
33487
33492
33505
33516
33525
33526
33540
33542
33550
33555
33571
33576
33580
33591
33603
33608
33613
33619
33651
33657
33674
33709
33762
33766
33792
33804
33820
33856
33861
33869
33873
33901
33913
33920
33922
33931
33937
33945
33955
33958
33984
33991
33996
34007
34049
34063
34064
34075
34083
34097
34106
34113
34114
34139
34152
34183
34192
34199
34245
34278
34280
34304
34307
34313
34333
34345
34346
34348
34356
34359
34364
34377
34394
34395
34399
34408
34413
34428
34441
34446
34485
34487
34492
34498
34515
34517
34518
34524
34525
34539
34542
34545
34548
34556
34563
34574
34599
34603
34618
34625
34633
34676
34677
34718
34744
34781
34795
34816
34826
34827
34831
34863
34871
34877
34885
34905
34910
34911
34933
34965
34988
35000
35002
35003
35054
35084
35102
35103
35111
35117
35152
35195
35198
35241
35242
35243
35247
35289
35290
35292
35315
35318
35332
35346
35363
35391
35397
35431
35453
35470
35483
35498
35502
35503
35506
35532
35545
35551
35552
35564
35570
35574
35601
35603
35609
35639
35652
35666
35669
35670
35675
35685
35690
35702
35718
35726
35761
35765
35777
35781
35792
35795
35808
35851
35860
35861
35862
35906
35914
35919
35920
35921
35930
35933
35935
35947
35967
35990
36006
36023
36037
36045
36061
36078
36110
36116
36188
36196
36197
36218
36232
36244
36247
36263
36309
36317
36318
36319
36358
36368
36393
36406
36449
36458
36473
36522
36549
36564
36575
36576
36597
36601
36617
36622
36634
36637
36654
36677
36690
36705
36743
36745
36771
36773
36809
36811
36825
36827
36830
36831
36852
36854
36864
36877
36945
36946
36974
37001
37007
37011
37032
37036
37039
37044
37063
37131
37142
37175
37197
37198
37201
37231
37236
37238
37275
37281
37303
37306
37343
37362
37380
37429
37437
37447
37450
37461
37471
37491
37525
37544
37551
37557
37558
37625
37633
37646
37669
37715
37716
37745
37748
37749
37750
37763
37788
37812
37814
37828
37872
37883
37892
37913
37932
37933
37968
37971
38008
38019
38021
38043
38056
38061
38062
38100
38103
38124
38163
38173
38193
38195
38204
38213
38240
38250
38274
38300
38306
38314
38329
38334
38340
38365
38383
38409
38429
38438
38448
38494
38496
38539
38572
38573
38575
38582
38608
38610
38638
38639
38647
38650
38651
38684
38685
38687
38691
38700
38702
38725
38739
38760
38762
38784
38788
38826
38829
38831
38832
38839
38854
38856
38868
38875
38881
38884
38892
38898
38906
38907
38909
38914
38915
38923
38928
38929
38938
38943
38946
38953
38956
38998
39033
39043
39049
39061
39079
39081
39098
39119
39142
39157
39162
39170
39176
39199
39232
39261
39265
39278
39289
39290
39296
39301
39314
39316
39319
39320
39324
39325
39326
39330
39331
39336
39361
39364
39368
39371
39388
39395
39411
39437
39438
39456
39496
39498
39500
39524
39533
39534
39537
39553
39558
39564
39566
39590
39601
39656
39657
39661
39674
39676
39698
39723
39725
39747
39751
39754
39774
39776
39795
39800
39804
39805
39807
39835
39851
39866
39929
39952
39972
39976
39977
39985
39993
39994
40002
40014
40020
40021
40047
40081
40088
40112
40123
40130
40131
40134
40136
40138
40141
40160
40178
40197
40209
40230
40258
40280
40285
40303
40308
40311
40327
40334
40348
40411
40437
40438
40501
40503
40511
40536
40543
40544
40572
40579
40580
40581
40591
40630
40647
40657
40666
40667
40681
40688
40708
40726
40743
40746
40756
40774
40788
40797
40805
40807
40837
40840
40847
40853
40857
40858
40900
40918
40920
40925
40934
40938
40960
40977
41004
41005
41013
41016
41018
41019
41028
41031
41059
41093
41100
41101
41113
41151
41152
41160
41166
41167
41203
41212
41215
41230
41252
41281
41285
41290
41305
41308
41312
41327
41330
41336
41337
41338
41339
41341
41359
41368
41373
41374
41378
41383
41394
41401
41410
41415
41437
41446
41450
41457
41458
41489
41494
41495
41506
41531
41534
41555
41564
41565
41567
41571
41586
41595
41608
41610
41627
41640
41646
41651
41654
41663
41668
41669
41671
41680
41754
41770
41778
41795
41796
41817
41832
41846
41850
41852
41858
41861
41875
41895
41903
41952
41975
41984
42001
42056
42057
42087
42107
42130
42140
42145
42150
42153
42164
42166
42169
42212
42235
42239
42282
42283
42295
42314
42322
42331
42347
42349
42350
42351
42354
42355
42370
42388
42426
42459
42466
42477
42488
42492
42516
42519
42525
42558
42565
42568
42572
42578
42600
42609
42610
42639
42653
42668
42674
42687
42698
42700
42723
42730
42736
42744
42765
42798
42801
42803
42834
42846
42870
42875
42882
42894
42898
42906
42911
42929
42942
42967
42968
42983
42990
42991
43026
43133
43140
43152
43153
43178
43210
43240
43290
43291
43308
43316
43319
43374
43375
43383
43387
43434
43436
43437
43447
43465
43470
43481
43485
43486
43490
43492
43507
43510
43532
43533
43540
43547
43553
43555
43611
43616
43617
43620
43621
43627
43644
43656
43665
43670
43686
43691
43706
43707
43709
43712
43716
43731
43734
43752
43755
43764
43767
43803
43828
43859
43895
43913
43914
43927
43929
43934
43935
43940
43941
43962
43966
43992
44001
44007
44008
44009
44032
44050
44053
44055
44057
44060
44069
44086
44094
44106
44122
44125
44138
44144
44156
44158
44165
44171
44176
44180
44188
44198
44206
44231
44238
44251
44264
44271
44275
44280
44281
44285
44288
44292
44298
44316
44344
44350
44376
44382
44385
44399
44411
44412
44421
44456
44457
44466
44468
44471
44472
44505
44518
44525
44526
44540
44558
44564
44584
44607
44637
44645
44647
44669
44702
44727
44734
44761
44779
44783
44785
44811
44820
44824
44829
44830
44832
44844
44846
44848
44870
44875
44888
44890
44918
44921
44939
44943
44965
44967
44968
44983
45017
45044
45045
45052
45057
45062
45067
45077
45087
45096
45104
45128
45133
45134
45139
45152
45153
45209
45210
45211
45217
45219
45223
45240
45244
45249
45257
45265
45279
45281
45282
45287
45315
45325
45331
45338
45339
45343
45350
45352
45353
45360
45388
45389
45409
45415
45416
45426
45428
45435
45466
45474
45475
45499
45507
45537
45549
45554
45566
45569
45587
45610
45640
45641
45642
45671
45683
45696
45706
45723
45738
45749
45751
45762
45771
45775
45778
45779
45780
45781
45785
45807
45812
45847
45870
45885
45895
45954
45989
46001
46005
46017
46018
46019
46023
46027
46031
46038
46044
46045
46049
46050
46061
46065
46074
46097
46101
46111
46130
46135
46155
46157
46200
46208
46215
46220
46243
46244
46247
46248
46250
46263
46266
46270
46280
46282
46288
46296
46330
46332
46336
46337
46344
46357
46362
46369
46407
46408
46424
46428
46471
46498
46499
46506
46507
46508
46516
46524
46538
46541
46544
46545
46549
46553
46554
46571
46572
46593
46606
46607
46628
46639
46640
46641
46654
46656
46659
46660
46669
46672
46680
46694
46725
46751
46760
46783
46796
46798
46845
46862
46875
46879
46887
46889
46897
46899
46901
46911
46912
46918
46919
46921
46922
46923
46945
46959
46982
46983
46991
47020
47023
47026
47038
47042
47055
47060
47066
47071
47074
47089
47143
47151
47169
47180
47182
47193
47200
47237
47240
47249
47250
47252
47305
47319
47320
47324
47328
47330
47333
47347
47349
47350
47351
47367
47402
47409
47411
47433
47438
47446
47468
47500
47506
47508
47512
47515
47518
47519
47520
47522
47569
47574
47575
47580
47586
47595
47597
47598
47605
47619
47632
47641
47666
47701
47704
47706
47709
47714
47722
47742
47750
47751
47753
47787
47789
47823
47843
47862
47866
47867
47878
47904
47924
47937
47940
47941
47945
47967
47969
47981
48026
48034
48038
48058
48078
48109
48110
48119
48173
48220
48225
48242
48245
48246
48248
48249
48262
48299
48322
48339
48342
48373
48382
48386
48391
48395
48396
48478
48494
48499
48500
48503
48514
48542
48543
48545
48555
48599
48623
48624
48635
48651
48652
48654
48667
48673
48705
48733
48750
48759
48760
48764
48781
48788
48789
48790
48798
48803
48808
48809
48810
48832
48873
48879
48880
48911
48915
48918
48932
48938
48941
48953
48961
48976
48990
49000
49026
49034
49035
49053
49054
49146
49149
49159
49173
49177
49181
49192
49197
49200
49222
49223
49236
49272
49285
49290
49298
49315
49331
49336
49337
49357
49390
49399
49415
49416
49433
49441
49447
49448
49450
49458
49460
49466
49529
49533
49553
49559
49598
49622
49631
49658
49676
49681
49691
49706
49735
49743
49772
49798
49799
49808
49832
49838
49855
49883
49884
49885
49890
49899
49905
49918
49924
49926
49939
49964
49985
50004
50025
50027
50031
50032
50038
50060
50076
50085
50088
50111
50147
50151
50174
50181
50186
50209
50213
50235
50236
50237
50276
50278
50279
50286
50287
50309
50311
50316
50329
50335
50358
50359
50368
50390
50399
50423
50438
50446
50459
50462
50483
50504
50522
50560
50616
50667
50699
50715
50723
50726
50732
50738
50740
50773
50774
50781
50786
50798
50852
50863
50872
50918
50940
50942
50944
50948
50956
50967
50979
51030
51033
51048
51049
51051
51064
51065
51073
51082
51088
51097
51098
51112
51115
51132
51136
51137
51160
51242
51245
51250
51263
51270
51336
51343
51349
51366
51394
51417
51435
51458
51474
51478
51489
51492
51552
51553
51599
51612
51613
51620
51654
51655
51679
51689
51690
51691
51693
51720
51728
51737
51746
51774
51777
51784
51799
51814
51815
51825
51826
51827
51841
51850
51852
51853
51875
51883
51895
51911
51922
51931
51947
51955
51956
51980
52042
52046
52055
52058
52068
52118
52119
52135
52204
52230
52239
52240
52260
52262
52266
52271
52288
52296
52332
52335
52336
52354
52389
52404
52409
52414
52451
52501
52502
52530
52535
52539
52543
52545
52546
52547
52553
52582
52595
52596
52599
52604
52612
52616
52664
52673
52699
52721
52751
52754
52782
52797
52798
52799
52800
52811
52836
52859
52862
52863
52866
52891
52944
52959
52968
52976
52977
52996
53017
53024
53026
53039
53063
53080
53123
53151
53199
53238
53273
53282
53298
53322
53323
53337
53351
53355
53382
53387
53395
53404
53405
53432
53451
53529
53538
53540
53541
53550
53554
53558
53585
53586
53597
53620
53621
53625
53627
53644
53681
53682
53683
53698
53702
53728
53734
53792
53811
53813
53838
53857
53880
53893
53901
53937
53983
54007
54025
54027
54042
54053
54072
54085
54091
54107
54108
54112
54126
54141
54147
54205
54207
54213
54226
54237
54248
54273
54298
54303
54306
54346
54361
54362
54378
54393
54404
54441
54500
54524
54525
54551
54591
54592
54622
54628
54646
54676
54677
54691
54693
54729
54741
54774
54792
54794
54814
54822
54852
54859
54868
54923
54933
54941
54951
54997
55008
55028
55034
55036
55072
55078
55101
55127
55182
55188
55196
55220
55250
55251
55274
55275
55278
55306
55325
55334
55355
55366
55367
55390
55395
55477
55528
55533
55569
55570
55631
55654
55663
55671
55695
55711
55716
55742
55762
55787
55825
55871
55876
55886
55916
55942
55945
55952
55967
55980
55996
56000
56005
56019
56036
56058
56067
56099
56115
56118
56128
56136
56164
56273
56320
56328
56330
56331
56332
56346
56360
56371
56424
56466
56484
56491
56501
56518
56554
56565
56584
56604
56610
56666
56707
56711
56720
56723
56750
56766
56808
56818
56819
56825
56846
56860
56868
56919
56948
56966
56967
57004
57011
57039
57045
57071
57082
57092
57097
57105
57110
57113
57114
57115
57187
57195
57197
57205
57206
57217
57223
57268
57277
57317
57328
57343
57355
57390
57397
57427
57436
57472
57476
57481
57501
57507
57527
57528
57542
57555
57594
57595
57628
57674
57689
57701
57724
57740
57796
57815
57818
57819
57822
57866
57874
57885
57888
57900
57909
57915
57925
57937
57939
57940
57998
58001
58002
58005
58017
58039
58074
58076
58090
58105
58149
58153
58157
58188
58209
58215
58225
58244
58247
58263
58266
58304
58311
58322
58324
58351
58352
58363
58366
58378
58400
58414
58415
58420
58433
58464
58476
58515
58526
58588
58598
58603
58604
58636
58638
58654
58674
58693
58703
58711
58740
58741
58767
58770
58775
58829
58837
58841
58871
58872
58890
58903
58912
58936
58937
58940
58944
58947
58961
58991
59001
59037
59053
59054
59056
59062
59106
59112
59123
59132
59142
59143
59146
59149
59156
59187
59201
59209
59250
59267
59281
59284
59320
59334
59372
59373
59383
59426
59451
59457
59463
59465
59481
59496
59513
59514
59561
59570
59577
59599
59621
59631
59641
59657
59662
59676
59693
59794
59798
59799
59802
59805
59890
59899
59901
59966
59969
59988
59990
59991
60028
60040
60041
60044
60116
60117
60131
60135
60137
60145
60148
60149
60163
60164
60165
60183
60210
60212
60215
60218
60273
60287
60349
60355
60358
60373
60375
60380
60392
60395
60405
60438
60439
60482
60486
60530
60542
60582
60603
60617
60624
60625
60676
60697
60717
60743
60744
60757
60765
60842
60901
60905
60909
60937
60969
61030
61044
61067
61068
61090
61092
61095
61106
61118
61158
61172
61173
61205
61222
61235
61253
61254
61273
61296
61300
61301
61316
61325
61332
61333
61351
61354
61360
61394
61424
61437
61469
61480
61529
61551
61575
61607
61634
61662
61682
61686
61706
61746
61747
61766
61771
61785
61815
61844
61875
61903
61921
61926
61980
62004
62008
62011
62041
62048
62118
62119
62120
62133
62134
62161
62203
62222
62310
62330
62366
62369
62379
62395
62409
62426
62439
62460
62486
62488
62489
62495
62520
62544
62564
62583
62593
62612
62627
62685
62695
62728
62732
62789
62799
62808
62858
62893
62918
62920
62955
62956
62964
63000
63038
63039
63173
63201
63232
63241
63263
63277
63287
63305
63325
63332
63345
63351
63429
63440
63502
63503
63506
63520
63527
63546
63566
63567
63568
63569
63616
63619
63623
63628
63629
63643
63649
63676
63704
63726
63727
63740
63752
63779
63790
63800
63852
63870
63891
63896
63907
63909
63925
64012
64014
64086
64115
64129
64195
64205
64223
64279
64295
64298
64345
64384
64388
64393
64517
64536
64537
64538
64539
64542
64574
64638
64657
64672
64730
64734
64767
64775
64776
64791
64801
64814
64815
64834
64879
64888
64915
64926
64939
64961
64974
64977
64978
65008
65102
65103
65111
65117
65121
65124
65164
65174
65207
65243
65261
65311
65312
65321
65336
65347
65396
65406
65453
65480
65488
65495
65502
65522
65543
65591
65592
65595
65610
65616
65623
65632
65708
65723
65746
65762
65801
65830
65873
65882
65929
65965
65990
65996
66080
66083
66097
66117
66120
66159
66182
66292
66302
66332
66437
66456
66494
66512
66537
66592
66677
66679
66680
66702
66717
66732
66737
66748
66761
66853
66862
66893
66921
66922
66949
67010
67021
67063
67093
67106
67107
67147
67203
67209
67232
67234
67242
67255
67265
67309
67455
67458
67485
67489
67495
67500
67505
67522
67543
67547
67550
67568
67589
67623
67625
67652
67683
67693
67720
67744
67759
67764
67765
67770
67782
67786
67813
67818
67865
67873
67878
67909
67917
67931
67936
67939
67954
67967
68002
68058
68059
68076
68092
68097
68182
68210
68287
68289
68301
68334
68389
68400
68432
68433
68442
68465
68545
68565
68618
68654
68729
68807
68832
68847
68954
68972
68974
69037
69041
69054
69064
69066
69109
69185
69194
69310
69430
69448
69469
69473
69494
69509
69514
69611
69615
69617
69618
69622
69651
69663
69683
69688
69728
69729
69751
69774
69775
69797
69828
69843
69849
69870
69934
69937
69938
70050
70113
70144
70145
70157
70179
70226
70232
70252
70340
70451
70473
70474
70558
70563
70567
70592
70607
70618
70624
70671
70726
70733
70734
70755
70765
70766
70784
70789
70802
70806
70810
70838
70874
70894
70903
70988
71012
71022
71027
71060
71139
71159
71232
71282
71320
71321
71331
71340
71345
71392
71434
71435
71449
71506
71524
71530
71568
71569
71645
71661
71676
71716
71719
71756
71832
71833
71836
71839
71840
71853
71897
71898
71914
71936
71976
72001
72038
72060
72076
72098
72233
72239
72293
72301
72352
72357
72378
72380
72394
72404
72421
72473
72597
72613
72620
72636
72642
72737
72781
72787
72813
72850
72913
72966
73012
73063
73130
73149
73177
73264
73266
73350
73354
73379
73383
73397
73401
73424
73481
73494
73510
73548
73592
73652
73726
73728
73765
73766
73849
73923
73989
73996
74012
74020
74025
74034
74106
74135
74223
74229
74261
74305
74427
74434
74495
74608
74611
74626
74657
74738
74752
74871
74900
74902
74955
75020
75042
75143
75179
75213
75240
75280
75330
75367
75380
75493
75511
75562
75584
75664
75711
75760
75761
75811
75873
75951
75971
76061
76064
76086
76118
76119
76243
76414
76416
76438
76487
76595
76598
76646
76670
76689
76815
77155
77240
77336
77444
77457
77528
77658
77740
77796
77836
77837
77900
78190
78218
78345
78396
78472
78565
78695
78961
79037
79101
79144
79231
79309
79444
79541
79793
79886
79898
79904
79914
80114
80139
80170
80188
80367
80369
80516
80687
80769
80825
81216
81341
81342
81423
81628
81635
82037
82129
82174
82242
82258
82393
82529
82958
83057
83142
83155
83177
83309
83403
83607
83738
83817
83818
83823
83961
84035
84047
84194
84235
84509
84571
84659
84753
84850
85307
85580
85999
86781
86937
87616
88470
