6258018828073
6258020155319
6258026428935
6258027196005
6258044218850
6258044228477
6258044381850
6258044392747
6258044394248
6258044394687
6258044399184
6258044539102
6258045340086
6258045340584
6258045348961
6258045356779
6258045361925
6258045372265
6258045383946
6258045751873
6258045761419
6258045856598
6258045867153
6258045880924
6258045979799
6258046006322
6258046007465
6258046007529
6258046022749
6258046052120
6258046067586
6258046070728
6258046073798
6258046074492
6258046097255
6258046105553
6258046105930
6258046107161
6258046114529
6258046134527
6258046165438
6258046167222
6258046168590
6258046169930
6258046173258
6258046175566
6258046175736
6258046188330
6258046194834
6258046210860
6258046264390
6258046287276
6258046296451
6258046297808
6258046302516
6258046308293
6258046311129
6258046328210
6258046328859
6258046372816
6258046373690
6258046374385
6258046386400
6258046391924
6258046396162
6258046401659
6258046403030
6258046403624
6258046404015
6258046404122
6258046406459
6258046414121
6258046423886
6258046428624
6258046454984
6258046508785
6258046514606
6258046542303
6258046556883
6258046572774
6258046572838
6258046578861
6258046581061
6258046593822
6258046594944
6258046595525
6258046634135
6258046784685
6258046786674
6258047153818
6258048330738
6258053174415
6258053272346
6258053945781
6258053951029
6258053951064
6258053951175
6258053951224
6258053960229
6258053965685
6258054046006
6258054046800
6258054057901
6258060051072
6258060065320
6258060069497
6258060085433
6258060087472
6258060099208
6258060135939
6258060163081
6258060163452
6258061346709
6258061458430
6258061462850
6258061483478
6258061485112
6258061485544
6258061542189
6258061542447
6258061564704
6258061567011
6258061568394
6258061575884
6258061603121
6258061624503
6258061626292
6258061649363
6258061660535
6258061673957
6258061674920
6258061715835
6258061716240
6258061716858
6258061723904
6258061752418
6258061757851
6258061842961
6258061845921
6258061848838
6258061865566
6258062318907
6258062320264
6258062323063
6258062330201
6258062355020
6258062450730
6258062615156
6258062673232
6258062709293
6258062713512
6258062728520
6258067425966
6258067426058
6258067656785
6258067659910
6258067733277
6258067847548
6258067848420
6258067855742
6258067857241
6258067873628
6258067897806
6258067902117
6258067933606
6258067935794
6258067937409
6258067937726
6258067941730
6258067948002
6258067955607
6258067956030
6258067960399
6258068313196
6258068375684
6258068376746
6258068393375
6258068411960
6258068413206
6258068417869
6258068418416
6258068418911
6258068429840
6258068447154
6258068448146
6258068448526
6258068459077
6258068481510
6258068482986
6258068485422
6258068494595
6258068557389
6258068558917
6258068560354
6258068560633
6258068563474
6258068572558
6258068577759
6258068579904
6258068579968
6258068589302
6258068610781
6258068613427
6258068665195
6258068666870
6258068681734
6258068702245
6258068714136
6258068730547
6258068731761
6258068732811
6258068738428
6258068789686
6258069162753
6258069181256
6258069204518
6258069229401
6258069235059
6258069235123
6258069235266
6258069240460
6258069242088
6258069254719
6258069255624
6258069258168
6258069409470
6258069439005
6258069457631
6258069459452
6258069465912
6258069470245
6258069470887
6258069483470
6258069576242
6258070198773
6258070208875
6258070212491
6258070221181
6258092603020
6258092720668
6258092722895
6258092745014
6258092750264
6258092758990
6258092762861
6258092770302
6258092772487
6258092780276
6258092780721
6258092781680
6258092782286
6258092786406
6258092787662
6258092792096
6258092798524
6258092803441
6258092804180
6258092805733
6258092807350
6258092808129
6258092813817
6258092830482
6258092912200
6258092922852
6258093647690
6258093871758
6258093989706
6258093989975
6258094036685
6258094061598
6258094089638
6258094099395
6258094104493
6258094105930
6258094106555
6258094107758
6258094115562
6258094119631
6258094120592
6258094128118
6258094140826
6258094160866
6258094164267
6258094164482
6258094171531
6258094173067
6258094174829
6258094185292
6258094203019
6258094217678
6258094223143
6258094233583
6258094235307
6258094243691
6258094245069
6258094245996
6258094262073
6258094262534
6258094270063
6258094273507
6258094284819
6258094286458
6258094290027
6258094302110
6258094303435
6258094315867
6258094320360
6258094327381
6258094338158
6258094339705
6258094344601
6258094348178
6258094353356
6258094359109
6258094360473
6258094586904
6258094587351
6258094589329
6258094591813
6258094641432
6258094643342
6258094646858
6258094651064
6258094663565
6258094679117
6258094679457
6258094685783
6258094691639
6258094699535
6258094708042
6258094708891
6258094709456
6258094721795
6258094725280
6258094733702
6258094734068
6258094745996
6258094750334
6258094753845
6258094765277
6258094774510
6258094784995
6258094796535
6258094875116
6258095360902
6258095382466
6258095388751
6258095389128
6258095477479
6258095651581
6258095687847
6258095712699
6258095796966
6258096082234
6258096085009
6258096086646
6258096091102
6258096218755
6258096226502
6258096229358
6258096230056
6258096237443
6258096307757
6258096310279
6258096312244
6258096312511
6258096319155
6258096323860
6258096325509
6258096333399
6258096402782
6258096407193
6258096418733
6258096423134
6258096432542
6258096440058
6258096442835
6258096452364
6258096466002
6258096470924
6258109485339
6258109488381
6258109504769
6258109599090
6258109679214
6258109680444
6258129855311
6258143040283
6258144469772
8796089709453
8796089755489
8796089794495
8796089824489
8796089841230
8796089891014
8796089909783
8796090020111
8796090047933
8796090077738
8796090112885
8796090144737
8796090243372
8796090319048
8796090368616
8796090369269
8796090377225
8796090431642
8796090438184
8796090448486
8796090517806
8796090526785
8796090565245
8796090660915
8796090679738
8796090785704
8796090786181
8796090801390
8796090835389
8796090878882
8796090887105
8796090897620
8796090911517
8796090919504
8796091028712
8796091154718
8796091202469
8796091209789
8796091211439
8796091305124
8796091402738
8796091431850
8796091497590
8796091523906
8796091535141
8796091548473
8796091567373
8796091589126
8796091598014
8796091621921
8796091655433
8796091785204
8796091821839
8796091823560
8796091905531
8796091942888
8796091942894
8796091961785
8796091968809
8796091976164
8796091977899
8796092012101
8796092013353
8796092071876
8796092086864
8796092124463
8796092176201
8796092202854
8796092203500
8796092215533
8796092259638
8796092304197
8796092324356
8796092398478
8796092407561
8796092408505
8796092425190
8796092515524
8796092540344
8796092564329
8796092580954
8796092602471
8796092609994
8796092656427
8796092658142
8796092679005
8796092679924
8796092691145
8796092696257
8796092701937
8796092703471
8796092704004
8796092717018
8796092725975
8796092727259
8796092758487
8796092763683
8796092797520
8796092842094
8796092842365
8796092844640
8796092850884
8796092881885
8796092889638
8796092917755
8796092926203
8796092955951
8796093015338
8796093020913
8796093034153
8796093034154
8796093048847
8796093074865
8796093080110
8796093082083
8796093166587
8796093169693
8796093239588
8796093258282
8796093271831
8796093286849
8796093329897
8796093416177
8796093421030
8796093489800
8796093512384
8796093553777
8796093568881
8796093607859
8796093637740
8796093675314
8796093684189
8796093690367
8796093705342
8796093725107
8796093725112
8796093805864
8796093832235
8796093833142
8796093873973
8796093917569
8796093962189
8796093976704
8796093994085
8796094034653
8796094042443
8796094065575
8796094098744
8796094124053
8796094133759
8796094168717
8796094198624
8796094200404
8796094205774
8796094206144
8796094234525
8796094268831
8796094290635
8796094290977
8796094327906
8796094327907
8796094349547
8796094386006
8796094389335
8796094390159
8796094390563
8796094394735
8796094408753
8796094411943
8796094458848
8796094479391
8796094490097
8796094532195
8796094542754
8796094562385
8796094597488
8796094600449
8796094604938
8796094611109
8796094624183
8796094643792
8796094647255
8796094704272
8796094708985
8796094710730
8796094720024
8796094734533
8796094761208
8796094765906
8796094781701
8796094785874
8796094815299
8796094817288
8796094822004
8796094832827
8796094836052
8796094850664
8796094850665
8796094871623
8796094881361
8796094882928
8796094919359
8796094938903
8796094955365
8796094990166
8796095017899
8796095034039
8796095074679
8796095075238
8796095105946
8796095131334
8796095165056
8796095181831
8796095212029
8796095237712
8796095244817
8796095298052
8796095343033
8796095351204
8796095431144
8796095442954
8796095456591
8796095541143
8796095628076
8796095636580
8796095652532
8796095652538
8796095656843
8796095713820
8796095713835
8796095715683
8796095720310
8796095722466
8796095755681
8796095765757
8796095780198
8796095815493
8796095823229
8796095845475
8796095848180
8796095866608
8796095867281
8796095868552
8796095888730
8796095906178
8796095915813
8796095930733
8796095948332
8796095974736
8796095974741
8796096017259
8796096025036
8796096042660
8796096055950
8796096074577
8796096093715
8796096103651
8796096106755
8796096108191
8796096111148
8796096121785
8796096167207
8796096169744
8796096180407
8796096211298
8796096214304
8796096241738
8796096252835
8796096253276
8796096271449
8796096274320
8796096287287
8796096288127
8796096314455
8796096337050
8796096366105
8796096378692
8796096391300
8796096394143
8796096402534
8796096406389
8796096419148
8796096436509
8796096446161
8796096448329
8796096486030
8796096486032
8796096493180
8796096497985
8796096516460
8796096574499
8796096594701
8796096596949
8796096626115
8796096663150
8796096665003
8796096665487
8796096670930
8796096670932
8796096677437
8796096717761
8796096723746
8796096748023
8796096761533
8796096761810
8796096774880
8796096783693
8796096816602
8796096824053
8796096845819
8796096860827
8796096862098
8796096862509
8796096865749
8796096904563
8796096916977
8796096927937
8796096927940
8796096946503
8796096975815
8796097006771
8796097007828
8796097008214
8796097018338
8796097018351
8796097022944
8796097034704
8796097044826
8796097044828
8796097061513
8796097061788
8796097072054
8796097074849
8796097082789
8796097083791
8796097088039
8796097137824
8796097164962
8796097187132
8796097193079
8796097202956
8796097204623
8796097204828
8796097207755
8796097210871
8796097215788
8796097220504
8796097220510
8796097228289
8796097252898
8796097261282
8796097268751
8796097268753
8796097269282
8796097277721
8796097282324
8796097290093
8796097308672
8796097313017
8796097321634
8796097331026
8796097336410
8796097342259
8796097343543
8796097366500
8796097366503
8796097379840
8796097402382
8796097407919
8796097417184
8796097418460
8796097426159
8796097431879
8796097431881
8796097437702
8796097437706
8796097437709
8796097438304
8796097455445
8796097466850
8796097476659
8796097497160
8796097516778
8796097529146
8796097531789
8796097545786
8796097575666
8796097579830
8796097591299
8796097617128
8796097618837
8796097618875
8796097620030
8796097626162
8796097650314
8796097653615
8796097661483
8796097664881
8796097670089
8796097678627
8796097680118
8796097680667
8796097685453
8796097687708
8796097715705
8796097726760
8796097726762
8796097730497
8796097733404
8796097739881
8796097742686
8796097751581
8796097752239
8796097772315
8796097778035
8796097793168
8796097800979
8796097802619
8796097822509
8796097822642
8796097838214
8796097849115
8796097850988
8796097854880
8796097868318
8796097899340
8796097904322
8796097922626
8796097942730
8796097949175
8796097950709
8796097960266
8796097978326
8796097978355
8796097982313
8796097998109
8796098000420
8796098001309
8796098006537
8796098047573
8796098047574
8796098047777
8796098049487
8796098059089
8796098059093
8796098059742
8796098103544
8796098103585
8796098106409
8796098110119
8796098114280
8796098121000
8796098135182
8796098138202
8796098142093
8796098149430
8796098169585
8796098170759
8796098172862
8796098172866
8796098174067
8796098188206
8796098197445
8796098201105
8796098207544
8796098219325
8796098225148
8796098231045
8796098264598
8796098265720
8796098266709
8796098271336
8796098273187
8796098306730
8796098324841
8796098361467
8796098362804
8796098364137
8796098364139
8796098366756
8796098370771
8796098396167
8796098398489
8796098420408
8796098425105
8796098443296
8796098458623
8796098480622
8796098495576
8796098498296
8796098515646
8796098546156
8796098546349
8796098547986
8796098565867
8796098571611
8796098594427
8796098595284
8796098598528
8796098628735
8796098651811
8796098661550
8796098661551
8796098664172
8796098684454
8796098704239
8796098711289
8796098712823
8796098727037
8796098727048
8796098750624
8796098766430
8796098767718
8796098768985
8796098787307
8796098790713
8796098798101
8796098815065
8796098846122
8796098848247
8796098855291
8796098862405
8796098865595
8796098865602
8796098869122
8796098870018
8796098884723
8796098890421
8796098901142
8796098906270
8796098912787
8796098917598
8796098934165
8796098939623
8796098945617
8796098952745
8796098959746
8796098969193
8796098977238
8796098978836
8796099005716
8796099013630
8796099018278
8796099018600
8796099040378
8796099047687
8796099058138
8796099065704
8796099090759
8796099091197
8796099091543
8796099107180
8796099122238
8796099122976
8796099145318
8796099151209
8796099154414
8796099172832
8796099173690
8796099195169
8796099201528
8796099202980
8796099208878
8796099216467
8796099216473
8796099230909
8796099246055
8796099256427
8796099259023
8796099294026
8796099301452
8796099316734
8796099322681
8796099322810
8796099331093
8796099342762
8796099342773
8796099347665
8796099386336
8796099401971
8796099407721
8796099414713
8796099417749
8796099436257
8796099436381
8796099458634
8796099476993
8796099499975
8796099517995
8796099529483
8796099529490
8796099570384
8796099587275
8796099606131
8796099671739
8796099671746
8796099672867
8796099677478
8796099680655
8796099723497
8796099752989
8796099753974
8796099768952
8796099772228
8796099777522
8796099782735
8796099793959
8796099794337
8796099806047
8796099818006
8796099828534
8796099835311
8796099856289
8796099858462
8796099869754
8796099870756
8796099873391
8796099873580
8796099880042
8796099882317
8796099891817
8796099900327
8796099908646
8796099918675
8796099932526
8796099958278
8796099981199
8796099982879
8796099983456
8796099989068
8796099992495
8796100010381
8796100040619
8796100043521
8796100050695
8796100055620
8796100072492
8796100073018
8796100086692
8796100105497
8796100113332
8796100133392
8796100149606
8796100154071
8796100157990
8796100168104
8796100170720
8796100188033
8796100208761
8796100209641
8796100230060
8796100243234
8796100264194
8796100280632
8796100281122
8796100307521
8796100316402
8796100317609
8796100325381
8796100325389
8796100338308
8796100354743
8796100359948
8796100374306
8796100384879
8796100384898
8796100413842
8796100413860
8796100417271
8796100430568
8796100445418
8796100456765
8796100464984
8796100502661
8796100520269
8796100541103
8796100548638
8796100561780
8796100575553
8796100576979
8796100579043
8796100609463
8796100610793
8796100642270
8796100642804
8796100647933
8796100654418
8796100658718
8796100676020
8796100681091
8796100683483
8796100688199
8796100702169
8796100705672
8796100710292
8796100728677
8796100731167
8796100745778
8796100759017
8796100765106
8796100767395
8796100767628
8796100774503
8796100778044
8796100784565
8796100794637
8796100796433
8796100804893
8796100817793
8796100823736
8796100825484
8796100826078
8796100834105
8796100842513
8796100842518
8796100844251
8796100844254
8796100866315
8796100886686
8796100918285
8796100932436
8796100932454
8796100941782
8796100963836
8796100999140
8796101001612
8796101011612
8796101011620
8796101035768
8796101037108
8796101037110
8796101069244
8796101072809
8796101082283
8796101082345
8796101107542
8796101126913
8796101132255
8796101134209
8796101142933
8796101158897
8796101181928
8796101202973
8796101204334
8796101206545
8796101207941
8796101208163
8796101224626
8796101258869
8796101261798
8796101261805
8796101293273
8796101307790
8796101313380
8796101353798
8796101363262
8796101364810
8796101370123
8796101387266
8796101398639
8796101405511
8796101409042
8796101410291
8796101424050
8796101424070
8796101427565
8796101432326
8796101432332
8796101443244
8796101477687
8796101484353
8796101486501
8796101522396
8796101522398
8796101528742
8796101532478
8796101536479
8796101567963
8796101574642
8796101586468
8796101589616
8796101597525
8796101603401
8796101615353
8796101619920
8796101621075
8796101647442
8796101653782
8796101674152
8796101722212
8796101746325
8796101830253
8796101865583
8796101876844
8796101878900
8796101890802
8796101898187
8796101918659
8796101934315
8796101941163
8796101942274
8796101958600
8796101978203
8796101979286
8796101979301
8796101982001
8796101985408
8796102008307
8796102013444
8796102020089
8796102022828
8796102058522
8796102066446
8796102071376
8796102087571
8796102088208
8796102098992
8796102099589
8796102135411
8796102135428
8796102143003
8796102154931
8796102174951
8796102196125
8796102198287
8796102214324
8796102220478
8796102235007
8796102290241
8796102296541
8796102296553
8796102335338
8796102340255
8796102340273
8796102360336
8796102369225
8796102369228
8796102376227
8796102381170
8796102400181
8796102401196
8796102414376
8796102424324
8796102426622
8796102439200
8796102447897
8796102468636
8796102468805
8796102482507
8796102486689
8796102489617
8796102489623
8796102490337
8796102516585
8796102547499
8796102578289
8796102579331
8796102586176
8796102586184
8796102600295
8796102606755
8796102613008
8796102639083
8796102639102
8796102639846
8796102639956
8796102652327
8796102653438
8796102661636
8796102664507
8796102666428
8796102667606
8796102675399
8796102676760
8796102695161
8796102715070
8796102716483
8796102729310
8796102757430
8796102757819
8796102763969
8796102768434
8796102769020
8796102774818
8796102788715
8796102803503
8796102803514
8796102809300
8796102813800
8796102823659
8796102824620
8796102836757
8796102838548
8796102860272
8796102869050
8796102869122
8796102874132
8796102880522
8796102895690
8796102906319
8796102938283
8796102970139
8796102981432
8796103000471
8796103006015
8796103014381
8796103033212
8796103053619
8796103053639
8796103073362
8796103077340
8796103088041
8796103121705
8796103122120
8796103185788
8796103196212
8796103211139
8796103218018
8796103218021
8796103232598
8796103245285
8796103249558
8796103255573
8796103258868
8796103261176
8796103284515
8796103293172
8796103302066
8796103311073
8796103311113
8796103314845
8796103315819
8796103328791
8796103344097
8796103347127
8796103347529
8796103348535
8796103349052
8796103349053
8796103372948
8796103379180
8796103389601
8796103389608
8796103400614
8796103402771
8796103411030
8796103424034
8796103436654
8796103436657
8796103436666
8796103462468
8796103463794
8796103463796
8796103463957
8796103477587
8796103480303
8796103480307
8796103495001
8796103502217
8796103502427
8796103508405
8796103512131
8796103517015
8796103519217
8796103519222
8796103519231
8796103525132
8796103545408
8796103563147
8796103566046
8796103568282
8796103569376
8796103570036
8796103577722
8796103577732
8796103577748
8796103588009
8796103626183
8796103628067
8796103628816
8796103628897
8796103646432
8796103666758
8796103668378
8796103669162
8796103703576
8796103704440
8796103709089
8796103747660
8796103751866
8796103763876
8796103772687
8796103790152
8796103801566
8796103805695
8796103815085
8796103823539
8796103824554
8796103825410
8796103828801
8796103866554
8796103884917
8796103898256
8796103935396
8796103935756
8796103942393
8796103947846
8796103951642
8796103954396
8796103960641
8796103971674
8796103989499
8796104014445
8796104027575
8796104031153
8796104045790
8796104046127
8796104062942
8796104065058
8796104069023
8796104069024
8796104078814
8796104138654
8796104161550
8796104164051
8796104178371
8796104202334
8796104205714
8796104207420
8796104210986
8796104216450
8796104222145
8796104228719
8796104236868
8796104265345
8796104271371
8796104288561
8796104310044
8796104322105
8796104326040
8796104344025
8796104393882
8796104405945
8796104405947
8796104426524
8796104433469
8796104440371
8796104482504
8796104499567
8796104520586
8796104520917
8796104532383
8796104532432
8796104533515
8796104542681
8796104546414
8796104554470
8796104567677
8796104570201
8796104570218
8796104572045
8796104586966
8796104639160
8796104650956
8796104673606
8796104677398
8796104677449
8796104686692
8796104690332
8796104730073
8796104757793
8796104761537
8796104784385
8796104784389
8796104796408
8796104797460
8796104805488
8796104842764
8796104848608
8796104855156
8796104863747
8796104863755
8796104869433
8796104896057
8796104919704
8796104927250
8796104933156
8796104968124
8796104972435
8796104989284
8796104991849
8796105017706
8796105017708
8796105018798
8796105021299
8796105025419
8796105030743
8796105056424
8796105067032
8796105097546
8796105097549
8796105103092
8796105112482
8796105166186
8796105178074
8796105192567
8796105201854
8796105201866
8796105207821
8796105207825
8796105207828
8796105218095
8796105254690
8796105263761
8796105281409
8796105292727
8796105293527
8796105301210
8796105306204
8796105340368
8796105340985
8796105349229
8796105366334
8796105386039
8796105386047
8796105396509
8796105414883
8796105419579
8796105428880
8796105428881
8796105429942
8796105433989
8796105439563
8796105462640
8796105466437
8796105488508
8796105488510
8796105492468
8796105508058
8796105538641
8796105538643
8796105538650
8796105547838
8796105548902
8796105548912
8796105563787
8796105565280
8796105575882
8796105586576
8796105586583
8796105594203
8796105594209
8796105597224
8796105612751
8796105649501
8796105650279
8796105664222
8796105664370
8796105681368
8796105682260
8796105726137
8796105726140
8796105732078
8796105750418
8796105751393
8796105766607
8796105787800
8796105815654
8796105816772
8796105828904
8796105828912
8796105831797
8796105865196
8796105881114
8796105886041
8796105889603
8796105918339
8796105935763
8796105937145
8796105958637
8796105971841
8796105981816
8796105981841
8796105998564
8796106040126
8796106040129
8796106042427
8796106052474
8796106058039
8796106059884
8796106075925
8796106078403
8796106091235
8796106121258
8796106127691
8796106143872
8796106149679
8796106158424
8796106159191
8796106188974
8796106195904
8796106205665
8796106229404
8796106238712
8796106238714
8796106243684
8796106243708
8796106254426
8796106255190
8796106255212
8796106290616
8796106294200
8796106294208
8796106339856
8796106365687
8796106365689
8796106391519
8796106395778
8796106445514
8796106449938
8796106451122
8796106453412
8796106453420
8796106476725
8796106482600
8796106504468
8796106528998
8796106539375
8796106569049
8796106584504
8796106586798
8796106589713
8796106606120
8796106606132
8796106622396
8796106634922
8796106675076
8796106675077
8796106678193
8796106682892
8796106718827
8796106718844
8796106718859
8796106724793
8796106730692
8796106743755
8796106760875
8796106760883
8796106786733
8796106801408
8796106807197
8796106807397
8796106817615
8796106819730
8796106820264
8796106820279
8796106824344
8796106824354
8796106827222
8796106835020
8796106838652
8796106839135
8796106839973
8796106840796
8796106849072
8796106852642
8796106852889
8796106853232
8796106872762
8796106880388
8796106882890
8796106886941
8796106913180
8796106930712
8796106930727
8796106934523
8796106935526
8796106942145
8796106956440
8796106962765
8796106978359
8796107024420
8796107032337
8796107034722
8796107046490
8796107068110
8796107069561
8796107074004
8796107075881
8796107087703
8796107094661
8796107094784
8796107097511
8796107098718
8796107134067
8796107149150
8796107149155
8796107163133
8796107163751
8796107167341
8796107178917
8796107192440
8796107198399
8796107198412
8796107208141
8796107212086
8796107230358
8796107261505
8796107261545
8796107273349
8796107273361
8796107275790
8796107275849
8796107308085
8796107312672
8796107322448
8796107323622
8796107325718
8796107325723
8796107338678
8796107342920
8796107350992
8796107387214
8796107387229
8796107425624
8796107437648
8796107449198
8796107452088
8796107461154
8796107471740
8796107491146
8796107491161
8796107525092
8796107527020
8796107541196
8796107548158
8796107553686
8796107558202
8796107578258
8796107581863
8796107591406
8796107605217
8796107605219
8796107605233
8796107620227
8796107641159
8796107646188
8796107653395
8796107675623
8796107686548
8796107699655
8796107708042
8796107712118
8796107712828
8796107816541
8796107817498
8796107834636
8796107837478
8796107841355
8796107857781
8796107859639
8796107862847
8796107875734
8796107875742
8796107907705
8796107916534
8796107920626
8796107921370
8796107923081
8796107928679
8796107934058
8796107942278
8796107999141
8796108021311
8796108072114
8796108072771
8796108085745
8796108102304
8796108147093
8796108162844
8796108175118
8796108180137
8796108185385
8796108211253
8796108216062
8796108253955
8796108298859
8796108357177
8796108363484
8796108366953
8796108382515
8796108399313
8796108404737
8796108404743
8796108406634
8796108409063
8796108409064
8796108420218
8796108420377
8796108430064
8796108440746
8796108443498
8796108447062
8796108455572
8796108460349
8796108461489
8796108465987
8796108506400
8796108508183
8796108524937
8796108540332
8796108572789
8796108575665
8796108585569
8796108586369
8796108598859
8796108600592
8796108609339
8796108615180
8796108618050
8796108624305
8796108631270
8796108650337
8796108698386
8796108698395
8796108704306
8796108709433
8796108709437
8796108710878
8796108726305
8796108745266
8796108750206
8796108759460
8796108762576
8796108796139
8796108796140
8796108798498
8796108813949
8796108818092
8796108823490
8796108824222
8796108830253
8796108834691
8796108836904
8796108841778
8796108844076
8796108854418
8796108868739
8796108869183
8796108878514
8796108895142
8796108896190
8796108896195
8796108905972
8796108909150
8796108909394
8796108917168
8796108927303
8796108929461
8796108930743
8796108933717
8796108958876
8796108982854
8796108983421
8796108986082
8796108989695
8796108991147
8796109008389
8796109008394
8796109036032
8796109036531
8796109037917
8796109064334
8796109073763
8796109079261
8796109082479
8796109095463
8796109101465
8796109101466
8796109110639
8796109121501
8796109130895
8796109149995
8796109173975
8796109176018
8796109177804
8796109190447
8796109203571
8796109218182
8796109223254
8796109232296
8796109232719
8796109246414
8796109257897
8796109285768
8796109294746
8796109302513
8796109319509
8796109324922
8796109339756
8796109346228
8796109362617
8796109379985
8796109381453
8796109382374
8796109420503
8796109424399
8796109437565
8796109465012
8796109474515
8796109479898
8796109483469
8796109512318
8796109512396
8796109513333
8796109522935
8796109523557
8796109526914
8796109528913
8796109554976
8796109577763
8796109590499
8796109595022
8796109605521
8796109627047
8796109637321
8796109650113
8796109656335
8796109656337
8796109693990
8796109713135
8796109716926
8796109737510
8796109741221
8796109754830
8796109757977
8796109766888
8796109768781
8796109772442
8796109773258
8796109775956
8796109783035
8796109806106
8796109806831
8796109808763
8796109810646
8796109812062
8796109823719
8796109827516
8796109832280
8796109832288
8796109854199
8796109861787
8796109864366
8796109867670
8796109891655
8796109915860
8796109915861
8796109948718
8796109948721
8796109964503
8796109967044
8796109980706
8796109985341
8796110029236
8796110054936
8796110061326
8796110064688
8796110085666
8796110104414
8796110107730
8796110112350
8796110123177
8796110135535
8796110139056
8796110152365
8796110193885
8796110214991
8796110215016
8796110215761
8796110218055
8796110244365
8796110299013
8796110336548
8796110336558
8796110340084
8796110355663
8796110374744
8796110408588
8796110421015
8796110421724
8796110428386
8796110432121
8796110436529
8796110445030
8796110469870
8796110480331
8796110500300
8796110502780
8796110543208
8796110562918
8796110582010
8796110597768
8796110607240
8796110622241
8796110625623
8796110650417
8796110666200
8796110682191
8796110683670
8796110685554
8796110694043
8796110694050
8796110697558
8796110697656
8796110697670
8796110723638
8796110724521
8796110730770
8796110731566
8796110748065
8796110748516
8796110751353
8796110752942
8796110755909
8796110759388
8796110764760
8796110785007
8796110785009
8796110790414
8796110793661
8796110793984
8796110818852
8796110826046
8796110826057
8796110840534
8796110846983
8796110873610
8796110888020
8796110932363
8796110948782
8796110949151
8796110952852
8796110961194
8796110972057
8796110972065
8796110988056
8796110993807
8796111001568
8796111010548
8796111013734
8796111021838
8796111034783
8796111037837
8796111040300
8796111045692
8796111047517
8796111047518
8796111051106
8796111052190
8796111056473
8796111068955
8796111069623
8796111072315
8796111072335
8796111072336
8796111079318
8796111081375
8796111082632
8796111083737
8796111092604
8796111097849
8796111106530
8796111112199
8796111118882
8796111119306
8796111145426
8796111146954
8796111147634
8796111158066
8796111162053
8796111163252
8796111169532
8796111173020
8796111178698
8796111192177
8796111200523
8796111242667
8796111247402
8796111277158
8796111278191
8796111294156
8796111297977
8796111304513
8796111305198
8796111341821
8796111348964
8796111350358
8796111351940
8796111363021
8796111373517
8796111374312
8796111374318
8796111375202
8796111381102
8796111381106
8796111396884
8796111398791
8796111400251
8796111403941
8796111406439
8796111422971
8796111431203
8796111437967
8796111445844
8796111449685
8796111449689
8796111452078
8796111458800
8796111482338
8796111487702
8796111491439
8796111504917
8796111524589
8796111533251
8796111544664
8796111562666
8796111575264
8796111582928
8796111583580
8796111610227
8796111610898
8796111612747
8796111638962
8796111651790
8796111652765
8796111653785
8796111661156
8796111681547
8796111706481
8796111717957
8796111746797
8796111750965
8796111765416
8796111779838
8796111781479
8796111785416
8796111796162
8796111815940
8796111816190
8796111828333
8796111840810
8796111842351
8796111846401
8796111849228
8796111851761
8796111851897
8796111875297
8796111876406
8796111876410
8796111878989
8796111921305
8796111937874
8796111944809
8796111952014
8796111955638
8796111977349
8796111978342
8796111981856
8796111990060
8796111997067
8796112001957
8796112011670
8796112012017
8796112017165
8796112025913
8796112058761
8796112068572
8796112070036
8796112071502
8796112072070
8796112076053
8796112118246
8796112123967
8796112133373
8796112142846
8796112149469
8796112185976
8796112187260
8796112188103
8796112216110
8796112220402
8796112248284
8796112251127
8796112253940
8796112255288
8796112257773
8796112265320
8796112267285
8796112277250
8796112289119
8796112289435
8796112298640
8796112313585
8796112321369
8796112334544
8796112337093
8796112346766
8796112351502
8796112354227
8796112361220
8796112393831
8796112394770
8796112405824
8796112409581
8796112416326
8796112418861
8796112427639
8796112434670
8796112434677
8796112445954
8796112447802
8796112449630
8796112450912
8796112452035
8796112453138
8796112459932
8796112463651
8796112470623
8796112490064
8796112491954
8796112496270
8796112500661
8796112500669
8796112518391
8796112522342
8796112527269
8796112544262
8796112551083
8796112551099
8796112560409
8796112568019
8796112569709
8796112575338
8796112589426
8796112589849
8796112594912
8796112603626
8796112608212
8796112638978
8796112655078
8796112663988
8796112665837
8796112675632
8796112697283
8796112708937
8796112724750
8796112729176
8796112730280
8796112732535
8796112734941
8796112768901
8796112803000
8796112803702
8796112835057
8796112835059
8796112841650
8796112852548
8796112859270
8796112861462
8796112863814
8796112864334
8796112884987
8796112898809
8796112934799
8796112934806
8796112937412
8796113013157
8796113049717
8796113051255
8796113071500
8796113077077
8796113079788
8796113083967
8796113088173
8796113098307
8796113113496
8796113144834
8796113149314
8796113151132
8796113153678
8796113169989
8796113171074
8796113173593
8796113179645
8796113190912
8796113190915
8796113205642
8796113208052
8796113210852
8796113214590
8796113215279
8796113217368
8796113220404
8796113224121
8796113245940
8796113250584
8796113250588
8796113252580
8796113257792
8796113267882
8796113282733
8796113286502
8796113289536
8796113306397
8796113307319
8796113316322
8796113318501
8796113320669
8796113351176
8796113372688
8796113400146
8796113400149
8796113400518
8796113401207
8796113401208
8796113401697
8796113421023
8796113428968
8796113430737
8796113458627
8796113462717
8796113466619
8796113470184
8796113470188
8796113482575
8796113484741
8796113485494
8796113488597
8796113511511
8796113556137
8796113558109
8796113559172
8796113584679
8796113584700
8796113587286
8796113605481
8796113626619
8796113642168
8796113655252
8796113660371
8796113670614
8796113695717
8796113699833
8796113723914
8796113723927
8796113726536
8796113743612
8796113759337
8796113764432
8796113766090
8796113767892
8796113767898
8796113768972
8796113778946
8796113787545
8796113806705
8796113806709
8796113811044
8796113828672
8796113833538
8796113836446
8796113840866
8796113842477
8796113864545
8796113866932
8796113882821
8796113885582
8796113903260
8796113933689
8796113934875
8796113935175
8796113938602
8796113943642
8796113943644
8796113947997
8796113948862
8796113948874
8796113955174
8796113968145
8796113968412
8796113975095
8796113980207
8796113981092
8796114004781
8796114012136
8796114012145
8796114014649
8796114019357
8796114019384
8796114021797
8796114024880
8796114031481
8796114038227
8796114038682
8796114045344
8796114048207
8796114065373
8796114072540
8796114076391
8796114076414
8796114088115
8796114102841
8796114114714
8796114137766
8796114140940
8796114151716
8796114153776
8796114182058
8796114187552
8796114194328
8796114202107
8796114209820
8796114217502
8796114239071
8796114262676
8796114271513
8796114276373
8796114284541
8796114297545
8796114313977
8796114331716
8796114348451
8796114361003
8796114393216
8796114397316
8796114402504
8796114419063
8796114419107
8796114427935
8796114442230
8796114442237
8796114445810
8796114451091
8796114459003
8796114459815
8796114465743
8796114475352
8796114477174
8796114484073
8796114493742
8796114493762
8796114498630
8796114504548
8796114529893
8796114542820
8796114550497
8796114566106
8796114572926
8796114581112
8796114594499
8796114594505
8796114597086
8796114599221
8796114600053
8796114624982
8796114639550
8796114652327
8796114678826
8796114689739
8796114691908
8796114701303
8796114715382
8796114717649
8796114724901
8796114737278
8796114737965
8796114747612
8796114747613
8796114748126
8796114749980
8796114770320
8796114771230
8796114771234
8796114777940
8796114793163
8796114793330
8796114812296
8796114825755
8796114827720
8796114829031
8796114840678
8796114843926
8796114844052
8796114856157
8796114856161
8796114863274
8796114867237
8796114868578
8796114886834
8796114888612
8796114895516
8796114929508
8796114946313
8796114950574
8796114955151
8796114955391
8796114963374
8796114966114
8796114966925
8796115008745
8796115014115
8796115014126
8796115018617
8796115029350
8796115057995
8796115058014
8796115080067
8796115090879
8796115103162
8796115103260
8796115115762
8796115133315
8796115147220
8796115171786
8796115214273
8796115223295
8796115223296
8796115230582
8796115253305
8796115258569
8796115289729
8796115300783
8796115365062
8796115367259
8796115375577
8796115403931
8796115404370
8796115424103
8796115433347
8796115445614
8796115462921
8796115479164
8796115503072
8796115513966
8796115520185
8796115524257
8796115534236
8796115551469
8796115554604
8796115575899
8796115587129
8796115595232
8796115612276
8796115639269
8796115641401
8796115660465
8796115692544
8796115705119
8796115714934
8796115719381
8796115735177
8796115739529
8796115755330
8796115783166
8796115789198
8796115791139
8796115791142
8796115810372
8796115835473
8796115837463
8796115845873
8796115865040
8796115865041
8796115871355
8796115929617
8796115944890
8796115948763
8796115958850
8796115971596
8796115972036
8796116010005
8796116044933
8796116047063
8796116055326
8796116100228
8796116104195
8796116120351
8796116124777
8796116163860
8796116165702
8796116207594
8796116209484
8796116250154
8796116287842
8796116309628
8796116348796
8796116354902
8796116357827
8796116383597
8796116397990
8796116397998
8796116400801
8796116400804
8796116400812
8796116400896
8796116424301
8796116431316
8796116452283
8796116480155
8796116519301
8796116540135
8796116552145
8796116552152
8796116581719
8796116581727
8796116610942
8796116622337
8796116629133
8796116682057
8796116770636
8796116773590
8796116823358
8796116823462
8796116828760
8796116853943
8796116863979
8796116902890
8796116905720
8796116950515
8796116950525
8796117006475
8796117006480
8796117048408
8796117059061
8796117064082
8796117064101
8796117081997
8796117120935
8796117162203
8796117162204
8796117164723
8796117166902
8796117206190
8796117300056
8796117300941
8796117318678
8796117318772
8796117434314
8796117437496
8796117441686
8796117477460
8796117495468
8796117538594
8796117582145
8796117601974
8796117619770
8796117646473
8796117650016
8796117673888
8796117687383
8796117706192
8796117760973
8796117808161
8796117810750
8796117816050
8796117816356
8796117848099
8796117893770
8796117897588
8796117917471
8796117931607
8796117940610
8796117966980
8796117966982
8796117980552
8796118021962
8796118024338
8796118027542
8796118027550
8796118028717
8796118053690
8796118080189
8796118143378
8796118148014
8796118236850
8796118263753
8796118301735
8796118308173
8796118313871
8796118315301
8796118334800
8796118360282
8796118360680
8796118360691
8796118371322
8796118382945
8796118403509
8796118404135
8796118408410
8796118425577
8796118439592
8796118443613
8796118445983
8796118480887
8796118480905
8796118579367
8796118595836
8796118596383
8796118600413
8796118659715
8796118666095
8796118683222
8796118736169
8796118745494
8796118786878
8796118792011
8796118815268
8796118817191
8796118847335
8796118850434
8796118862738
8796118899252
8796118899253
8796118905462
8796118910174
8796118914439
8796118934113
8796118949156
8796118955611
8796118995832
8796118999669
8796118999681
8796119006256
8796119023036
8796119073457
8796119074620
8796119119789
8796119167913
8796119170468
8796119187531
8796119208316
8796119215650
8796119254778
8796119264278
8796119264280
8796119286004
8796119373007
8796119397439
8796119411477
8796119441248
8796119472932
8796119486227
8796119486570
8796119525616
8796119534153
8796119541664
8796119571217
8796119591628
8796119612768
8796119613288
8796119613291
8796119613293
8796119673940
8796119700730
8796119738608
8796119763131
8796119789350
8796119795730
8796119796604
8796119819810
8796119819811
8796119853469
8796119854475
8796119854496
8796119879197
8796119880439
8796119892759
8796119898027
8796119898395
8796119909091
8796119922718
8796119941472
8796119941488
8796119942929
8796119942939
8796119955528
8796119970619
8796119970622
8796119972872
8796119995463
8796120014202
8796120014221
8796120016301
8796120021014
8796120021033
8796120021035
8796120030876
8796120032606
8796120068178
8796120073345
8796120078580
8796120078600
8796120079769
8796120079946
8796120082025
8796120086928
8796120086931
8796120086943
8796120097595
8796120107200
8796120127276
8796120132071
8796120158508
8796120167102
8796120176347
8796120180077
8796120187510
8796120206962
8796120209064
8796120209407
8796120275974
8796120285656
8796120296628
8796120349862
8796120349879
8796120370971
8796120389173
8796120391534
8796120393578
8796120410432
8796120423400
8796120431852
8796120431864
8796120449216
8796120449218
8796120449255
8796120450364
8796120450371
8796120469773
8796120476014
8796120476023
8796120486952
8796120524923
8796120538686
8796120542528
8796120542533
8796120551196
8796120576380
8796120579343
8796120579358
8796120606950
8796120616535
8796120617978
8796120620906
8796120626308
8796120626321
8796120629000
8796120629008
8796120641576
8796120665306
8796120674871
8796120674875
8796120683886
8796120710322
8796120726529
8796120736812
8796120736831
8796120762702
8796120767004
8796120772811
8796120772962
8796120776375
8796120776397
8796120778774
8796120783178
8796120783181
8796120811165
8796120811861
8796120811877
8796120820200
8796120820202
8796120821522
8796120821538
8796120827318
8796120827320
8796120832533
8796120832538
8796120861875
8796120869873
8796120869874
8796120900338
8796120906853
8796120907328
8796120907365
8796120919680
8796120937855
8796120946485
8796120952761
8796120961448
8796120964300
8796120966706
8796120969073
8796120982493
8796121011511
8796121013805
8796121015081
8796121017274
8796121017339
8796121046629
8796121046640
8796121049736
8796121057525
8796121058329
8796121098078
8796121114061
8796121145920
8796121147450
8796121165431
8796121179507
8796121193222
8796121195656
8796121210005
8796121214119
8796121218336
8796121225054
8796121247007
8796121248541
8796121314515
8796121330886
8796121330887
8796121341819
8796121344116
8796121345652
8796121345658
8796121365271
8796121393447
8796121393962
8796121396301
8796121397388
8796121406985
8796121408240
8796121442422
8796121442432
8796121444665
8796121444680
8796121454457
8796121477160
8796121480578
8796121485511
8796121493318
8796121522490
8796121524805
8796121525229
8796121530837
8796121533026
8796121533065
8796121542262
8796121579801
8796121580271
8796121598678
8796121598681
8796121620834
8796121620844
8796121622025
8796121634248
8796121634541
8796121667633
8796121667672
8796121669731
8796121674184
8796121717302
8796121718189
8796121758158
8796121774941
8796121783596
8796121791257
8796121842567
8796121843680
8796121844237
8796121857762
8796121858362
8796121867622
8796121870000
8796121870031
8796121877114
8796121889412
8796121889418
8796121906356
8796121913934
8796121916169
8796121921338
8796121921353
8796121923967
8796121923971
8796121923979
8796121928595
8796121928625
8796121931556
8796121932220
8796121963845
8796121963847
8796121975307
8796121976199
8796121991883
8796122002156
8796122014870
8796122018767
8796122025829
8796122025841
8796122030339
8796122037526
8796122041372
8796122042142
8796122049430
8796122050695
8796122052006
8796122052409
8796122056277
8796122061862
8796122068704
8796122082376
8796122082385
8796122102615
8796122113238
8796122113243
8796122113274
8796122115029
8796122122232
8796122124046
8796122137105
8796122148182
8796122165385
8796122165388
8796122199158
8796122212928
8796122227519
8796122228614
8796122230798
8796122240542
8796122251294
8796122254866
8796122272877
8796122272886
8796122305416
8796122314364
8796122320839
8796122331684
8796122331701
8796122335638
8796122335659
8796122335660
8796122336955
8796122336978
8796122338227
8796122348303
8796122367080
8796122376364
8796122376379
8796122381924
8796122423688
8796122469002
8796122469005
8796122472376
8796122472382
8796122472402
8796122493084
8796122523586
8796122534163
8796122534200
8796122543484
8796122553220
8796122553276
8796122584408
8796122593556
8796122611439
8796122642906
8796122647616
8796122655801
8796122659938
8796122692951
8796122698540
8796122699434
8796122709494
8796122742576
8796122742587
8796122755681
8796122780457
8796122791978
8796122796038
8796122803549
8796122830627
8796122834930
8796122842836
8796122848426
8796122853538
8796122883988
8796122888616
8796122899737
8796122915703
8796122933670
8796122936446
8796122958396
8796122958694
8796122959926
8796122960978
8796122971717
8796122972269
8796122989733
8796123014203
8796123038510
8796123041141
8796123047870
8796123091538
8796123093921
8796123093937
8796123101483
8796123101618
8796123109504
8796123110814
8796123118915
8796123124045
8796123161860
8796123171445
8796123204044
8796123205303
8796123205706
8796123205709
8796123212001
8796123223285
8796123252606
8796123262808
8796123265065
8796123271946
8796123275919
8796123281459
8796123352361
8796123371675
8796123371971
8796123371973
8796123376031
8796123388305
8796123422574
8796123422610
8796123434694
8796123445212
8796123453551
8796123484464
8796123545213
8796123549277
8796123549322
8796123598076
8796123598510
8796123605489
8796123645942
8796123645951
8796123656708
8796123692337
8796123713243
8796123721112
8796123739237
8796123751882
8796123762385
8796123769610
8796123769616
8796123790004
8796123790954
8796123803123
8796123818683
8796123824778
8796123828566
8796123851097
8796123865117
8796123869517
8796123869521
8796123873273
8796123879268
8796123925936
8796123956059
8796123970683
8796123980369
8796123995552
8796123995558
8796123998267
8796123998864
8796124027110
8796124032568
8796124038015
8796124045764
8796124045766
8796124048835
8796124052979
8796124084672
8796124085227
8796124092782
8796124100741
8796124100744
8796124109935
8796124153317
8796124153325
8796124197156
8796124219654
8796124223399
8796124223409
8796124265963
8796124277418
8796124285367
8796124296053
8796124373185
8796124377307
8796124381641
8796124434427
8796124451408
8796124451411
8796124457688
8796124491323
8796124515344
8796124515641
8796124562221
8796124567809
8796124577206
8796124613273
8796124617050
8796124626623
8796124654232
8796124678338
8796124686492
8796124699225
8796124757571
8796124758867
8796124761492
8796124766788
8796124777004
8796124778115
8796124785725
8796124804805
8796124804823
8796124817239
8796124864427
8796124868684
8796124880374
8796124882994
8796124888196
8796124889175
8796124900660
8796124937604
8796124937619
8796124943022
8796124951438
8796124969132
8796124994444
8796124994452
8796124995367
8796124997079
8796124997096
8796124997868
8796125006251
8796125013268
8796125013274
8796125034080
8796125048345
8796125048962
8796125058921
8796125087579
8796125089583
8796125098819
8796125112240
8796125123898
8796125123904
8796125127013
8796125173358
8796125177171
8796125177299
8796125223401
8796125226863
8796125241412
8796125243419
8796125247867
8796125261799
8796125263741
8796125298597
8796125305593
8796125326949
8796125347121
8796125369944
8796125372663
8796125377988
8796125405724
8796125437753
8796125442649
8796125452934
8796125492167
8796125514143
8796125538984
8796125559431
8796125559432
8796125575113
8796125575272
8796125593759
8796125697466
8796125697471
8796125700798
8796125731110
8796125750529
8796125752094
8796125752492
8796125764389
8796125764403
8796125787582
8796125814921
8796125839324
8796125877813
8796125885154
8796125885157
8796125956392
8796125961836
8796126008977
8796126013416
8796126018586
8796126025833
8796126030510
8796126030925
8796126035441
8796126051571
8796126054940
8796126082635
8796126094072
8796126095848
8796126095849
8796126095858
8796126117563
8796126125737
8796126138659
8796126143046
8796126157046
8796126157065
8796126164159
8796126167238
8796126226005
8796126247400
8796126269458
8796126273130
8796126283920
8796126364682
8796126411791
8796126411803
8796126467510
8796126467522
8796126486435
8796126529345
8796126550367
8796126558645
8796126560572
8796126645552
8796126668346
8796126674247
8796126689197
8796126747708
8796126747721
8796126751698
8796126758138
8796126759275
8796126773303
8796126782162
8796126810653
8796126823709
8796126861098
8796126870158
8796126870170
8796126875969
8796126880269
8796126889201
8796126929285
8796126945267
8796126953414
8796127001663
8796127038008
8796127055791
8796127055879
8796127055887
8796127055890
8796127079991
8796127104602
8796127105374
8796127106940
8796127123591
8796127130003
8796127149842
8796127209774
8796127209776
8796127215068
8796127219154
8796127271801
8796127272360
8796127272404
8796127297931
8796127330045
8796127345499
8796127370615
8796127402155
8796127410586
8796127415935
8796127434353
8796127461671
8796127461680
8796127461682
8796127471970
8796127474443
8796127477359
8796127523390
8796127523395
8796127542422
8796127558546
8796127582043
8796127591581
8796127601998
8796127606649
8796127660208
8796127665787
8796127670522
8796127693127
8796127697164
8796127712216
8796127726876
8796127741473
8796127790286
8796127797740
8796127805417
8796127846198
8796127846467
8796127850217
8796127861341
8796127861346
8796127861354
8796127861741
8796127865989
8796127880565
8796127883851
8796127884127
8796127911323
8796127921226
8796127924203
8796127924208
8796127994588
8796127997034
8796128002493
8796128004671
8796128041057
8796128068520
8796128068843
8796128111963
8796128112089
8796128118075
8796128196380
8796128219048
8796128237365
8796128239234
8796128262748
8796128300822
8796128306560
8796128308591
8796128313133
8796128320838
8796128348736
8796128363326
8796128365038
8796128366298
8796128368488
8796128382513
8796128387644
8796128387668
8796128413239
8796128428656
8796128429336
8796128469839
8796128472879
8796128500108
8796128521230
8796128572176
8796128580731
8796128611034
8796128622971
8796128634059
8796128646997
8796128711280
8796128711686
8796128711700
8796128737120
8796128754364
8796128757270
8796128757283
8796128770704
8796128774132
8796128824877
8796128834449
8796128841510
8796128856327
8796128873128
8796128877920
8796128882367
8796128882372
8796128884505
8796128886429
8796128886740
8796128908683
8796128928837
8796128936355
8796128948605
8796128956718
8796128963028
8796128971740
8796128971745
8796128971893
8796128985342
8796129003949
8796129003976
8796129029878
8796129033181
8796129033188
8796129073971
8796129073982
8796129073990
8796129073996
8796129093099
8796129093105
8796129094670
8796129098958
8796129098974
8796129098987
8796129132876
8796129157698
8796129157708
8796129172440
8796129172443
8796129202981
8796129202997
8796129210893
8796129210966
8796129225454
8796129225464
8796129225674
8796129281821
8796129289984
8796129337794
8796129352598
8796129376198
8796129388933
8796129396776
8796129405509
8796129405514
8796129431412
8796129455252
8796129455264
8796129462245
8796129471203
8796129491485
8796129516271
8796129519152
8796129531223
8796129532698
8796129537921
8796129537944
8796129538615
8796129576454
8796129576467
8796129584275
8796129589712
8796129598998
8796129635260
8796129648697
8796129683778
8796129685026
8796129702726
8796129720901
8796129727605
8796129727696
8796129728416
8796129739356
8796129748593
8796129786790
8796129791485
8796129797129
8796129801315
8796129813672
8796129829619
8796129853019
8796129891398
8796129891692
8796129950047
8796129973247
8796129974987
8796129991207
8796130003713
8796130017011
8796130023199
8796130059145
8796130084366
8796130103449
8796130107210
8796130113470
8796130116328
8796130133530
8796130138136
8796130149380
8796130150655
8796130185952
8796130260919
8796130262643
8796130272697
8796130272942
8796130323315
8796130328274
8796130328287
8796130340604
8796130343968
8796130343975
8796130361708
8796130379310
8796130379311
8796130382468
8796130389687
8796130447059
8796130452439
8796130486574
8796130501164
8796130502130
8796130502137
8796130510658
8796130524492
8796130558487
8796130572820
8796130576824
8796130597332
8796130600520
8796130627613
8796130631302
8796130647774
8796130647782
8796130659923
8796130682084
8796130689491
8796130697355
8796130699408
8796130706898
8796130719428
8796130742601
8796130764743
8796130764748
8796130785215
8796130786333
8796130804445
8796130806573
8796130806582
8796130806603
8796130825280
8796130838630
8796130857519
8796130857537
8796130857938
8796130857948
8796130867916
8796130870374
8796130879145
8796130880643
8796130886918
8796130897601
8796130903505
8796130905413
8796130927875
8796130935902
8796130970479
8796130979502
8796130983932
8796130986855
8796130986860
8796130992025
8796131006437
8796131015975
8796131044922
8796131044929
8796131044940
8796131061008
8796131061096
8796131064785
8796131073061
8796131093092
8796131100035
8796131107337
8796131111795
8796131111802
8796131117719
8796131117720
8796131136534
8796131142526
8796131143240
8796131143511
8796131160357
8796131169249
8796131178000
8796131202530
8796131202862
8796131214229
8796131214236
8796131214243
8796131219400
8796131226693
8796131232103
8796131232105
8796131250828
8796131268380
8796131282024
8796131286685
8796131290265
8796131294970
8796131306897
8796131319098
8796131330451
8796131344936
8796131351207
8796131357520
8796131389208
8796131390998
8796131394619
8796131400194
8796131411046
8796131414850
8796131414852
8796131461195
8796131469472
8796131477598
8796131518825
8796131526914
8796131529013
8796131529043
8796131545665
8796131549313
8796131551908
8796131568944
8796131569101
8796131590366
8796131648361
8796131648363
8796131648380
8796131648389
8796131651269
8796131670931
8796131686426
8796131687672
8796131690917
8796131753925
8796131766245
8796131773627
8796131791160
8796131807684
8796131815454
8796131828172
8796131828192
8796131831727
8796131864665
8796131864670
8796131870696
8796131870722
8796131907694
8796131937557
8796131946992
8796131955557
8796131985503
8796132007805
8796132018155
8796132028046
8796132047196
8796132047209
8796132047214
8796132061011
8796132067829
8796132085234
8796132087587
8796132090432
8796132106926
8796132164959
8796132170327
8796132170329
8796132182790
8796132185200
8796132190672
8796132192540
8796132212880
8796132223091
8796132225566
8796132233308
8796132239248
8796132252780
8796132272882
8796132284361
8796132306895
8796132306898
8796132346678
8796132395437
8796132412885
8796132427695
8796132427702
8796132435533
8796132457705
8796132486673
8796132487592
8796132487594
8796132505735
8796132525949
8796132542316
8796132545660
8796132551022
8796132616718
8796132627308
8796132648771
8796132652313
8796132654409
8796132654823
8796132660395
8796132660414
8796132698943
8796132708563
8796132711759
8796132715836
8796132721589
8796132745506
8796132758043
8796132774791
8796132792478
8796132809520
8796132818938
8796132850654
8796132850817
8796132851801
8796132858235
8796132872836
8796132888032
8796132912912
8796132912921
8796132919555
8796132933417
8796132941417
8796132951229
8796132959756
8796132959773
8796132997553
8796133001275
8796133027198
8796133050472
8796133050909
8796133071786
8796133100300
8796133112587
8796133116252
8796133130331
8796133132023
8796133148717
8796133160493
8796133164269
8796133205047
8796133207100
8796133257200
8796133261744
8796133261765
8796133281652
8796133295748
8796133295750
8796133317895
8796133319882
8796133331408
8796133344770
8796133357523
8796133395020
8796133397339
8796133399646
8796133451805
8796133564486
8796133564488
8796133568461
8796133568462
8796133582724
8796133603020
8796133626409
8796133641830
8796133643696
8796133655427
8796133678623
8796133714471
8796133766797
8796133766806
8796133789876
8796133798884
8796133820522
8796133821526
8796133824492
8796133864717
8796133873682
8796133883881
8796133900293
8796133923988
8796133942185
8796133947119
8796133960546
8796133993532
8796134009104
8796134009106
8796134010350
8796134011487
8796134036210
8796134049826
8796134069741
8796134087009
8796134111508
8796134146949
8796134146957
8796134147720
8796134158243
8796134166403
8796134183507
8796134185207
8796134186776
8796134186794
8796134192508
8796134195158
8796134197826
8796134239067
8796134255661
8796134270807
8796134308447
8796134311955
8796134367045
8796134386543
8796134430813
8796134444486
8796134461153
8796134465317
8796134480571
8796134490739
8796134506399
8796134563238
8796134585751
8796134614447
8796134619730
8796134623121
8796134633209
8796134654203
8796134670008
8796134670009
8796134679153
8796134686151
8796134693019
8796134722905
8796134734483
8796134741949
8796134741954
8796134804449
8796134813920
8796134822604
8796134822621
8796134841465
8796134880188
8796134894413
8796134894433
8796134914571
8796134954530
8796134969519
8796134970537
8796134970542
8796135037150
8796135049102
8796135075506
8796135082944
8796135091944
8796135114586
8796135125753
8796135127840
8796135127852
8796135142903
8796135148016
8796135154177
8796135196750
8796135204753
8796135213733
8796135233594
8796135258984
8796135258986
8796135263618
8796135263624
8796135271575
8796135281345
8796135309942
8796135312271
8796135343167
8796135346601
8796135392208
8796135409613
8796135413348
8796135413364
8796135436663
8796135461464
8796135484622
8796135485184
8796135507238
8796135546931
8796135550853
8796135633104
8796135639091
8796135650104
8796135656639
8796135657216
8796135671268
8796135708993
8796135711042
8796135711043
8796135742286
8796135744012
8796135744026
8796135750784
8796135762990
8796135772608
8796135805359
8796135836066
8796135866606
8796135875048
8796135924343
8796135932505
8796135947623
8796135949172
8796135963114
8796135971261
8796135987251
8796135987253
8796136003528
8796136003548
8796136060931
8796136064474
8796136069890
8796136070466
8796136080149
8796136100202
8796136116698
8796136135373
8796136145382
8796136151619
8796136157502
8796136165288
8796136193883
8796136198864
8796136208579
8796136244779
8796136261425
8796136269138
8796136307975
8796136341919
8796136391329
8796136407145
8796136435815
8796136436878
8796136440990
8796136467747
8796136534206
8796136538984
8796136548527
8796136550466
8796136635089
8796136635095
8796136647908
8796136673610
8796136677158
8796136688922
8796136709779
8796136731639
8796136734702
8796136739953
8796136747640
8796136780220
8796136800640
8796136818158
8796136826696
8796136838062
8796136846473
8796136850088
8796136876576
8796136878763
8796136907036
8796136909644
8796136911255
8796136911258
8796136915886
8796136921749
8796136946488
8796136947302
8796137074879
8796137087370
8796137146707
8796137165820
8796137186203
8796137207928
8796137211545
8796137259044
8796137263663
8796137263667
8796137318137
8796137321535
8796137352758
8796137377568
8796137399531
8796137401106
8796137436397
8796137440566
8796137440820
8796137441463
8796137458479
8796137479054
8796137509438
8796137517750
8796137537441
8796137567141
8796137624976
8796137624987
8796137649563
8796137653064
8796137664667
8796137673663
8796137690402
8796137721116
8796137783645
8796137790485
8796137811921
8796137814714
8796137836019
8796137840905
8796137846984
8796137848403
8796137849210
8796137852118
8796137852137
8796137876813
8796137902914
8796137902915
8796137977357
8796138015928
8796138061016
8796138076134
8796138088163
8796138114486
8796138123376
8796138130679
8796138163318
8796138169223
8796138169226
8796138169229
8796138253734
8796138277909
8796138285050
8796138295497
8796138299824
8796138311115
8796138311123
8796138328728
8796138369181
8796138387473
8796138387474
8796138422153
8796138509986
8796138514059
8796138514064
8796138556100
8796138580200
8796138580772
8796138600544
8796138600833
8796138625375
8796138642550
8796138658002
8796138661571
8796138681241
8796138681243
8796138721827
8796138721828
8796138730187
8796138736567
8796138756158
8796138828894
8796138844895
8796138869257
8796138905553
8796138941010
8796138941119
8796138943801
8796139007319
8796139069845
8796139088934
8796139090598
8796139096589
8796139131332
8796139153704
8796139161980
8796139220880
8796139222653
8796139256714
8796139262576
8796139266594
8796139306664
8796139316771
8796139320256
8796139347161
8796139364014
8796139380489
8796139384728
8796139418137
8796139421697
8796139439948
8796139467116
8796139471453
8796139484665
8796139582564
8796139592948
8796139601292
8796139634392
8796139658653
8796139665181
8796139684089
8796139724052
8796139757200
8796139782157
8796139805147
8796139831022
8796139874610
8796139885845
8796139929160
8796139952828
8796139988261
8796139988274
8796140010289
8796140111739
8796140126508
8796140144790
8796140162972
8796140165495
8796140201107
8796140230581
8796140270472
8796140275104
8796140284508
8796140295480
8796140323003
8796140343841
8796140349792
8796140406374
8796140425664
8796140453940
8796140508295
8796140532502
8796140536570
8796140562928
8796140577627
8796140606100
8796140625894
8796140712863
8796140732510
8796140756887
8796140949449
8796140978723
8796140978728
8796141313693
8796141337571
8796141501555
8796141513405
8796141607264
8796141745350
8796141802492
8796141867676
8796142321535
8796142745519
