#snapnr	v0_kms_bestfit	v0_kms_bestfit_err	a_MND_kpc_bestfit	a_MND_kpc_bestfit_err	b_MND_kpc_bestfit	b_MND_kpc_bestfit_err	a_NFWH_kpc_bestfit	a_NFWH_kpc_bestfit_err	a_HB_kpc_bestfit	a_HB_kpc_bestfit_err	n_MND_bestfit	n_MND_bestfit_err	n_NFWH_bestfit	n_NFWH_bestfit_err	n_HB_bestfit	n_HB_bestfit_err
3.000000000000000000e+00
7.802172846942653996e+04
1.049882141941456604e+11
1.036571994653988077e+04
6.306773890417970657e+09
3.132710930074290445e+02
1.539224520268273354e+08
6.962198356613528449e+04
9.403862200145101929e+10
5.548236969623306322e+03
7.643307108078996658e+09
2.206764126910809865e-01
2.829100031483427480e-01
2.491437338342309959e-01
2.954561376011485274e-01
5.301798534746879898e-01
5.783661407494913309e-01
4.000000000000000000e+00
1.640433588032679632e+06
7.291206865921735840e+11
3.938083277483383426e+03
1.115609332952394962e+09
4.112291890508139659e+03
1.257137592875445127e+09
2.807276737694884559e+03
3.004079035467748642e+09
6.031814639292577340e+04
1.716614885819830132e+10
2.950782980279844092e-01
2.889658449866663870e-01
2.439291660807069717e-01
2.775973734270060223e-01
4.609925358913086191e-01
5.665632184136724092e-01
5.000000000000000000e+00
1.579113581084647179e+08
1.229027179517952148e+12
9.503436933946893550e+05
7.810894927430191994e+09
9.728645844396734610e+05
7.376681109751507759e+09
4.181087546432533115e+07
3.291595704307661133e+11
6.514773586113788188e+06
4.836405938290045929e+10
2.521952843262851296e-01
3.013991281486541052e-01
1.911198774021299063e-01
2.829595875501227376e-01
5.566848382715849919e-01
5.843587156987768427e-01
6.000000000000000000e+00
6.127059434206380844e+08
3.001943800179754375e+14
1.967557245247988701e+08
1.152199127851618125e+14
1.271602456878650002e+06
1.175452679485311523e+12
6.276486677776767313e+07
4.021479862588828125e+13
3.749549732313077897e+06
4.313791741894493652e+12
2.145559735705962756e-01
2.806230319129541795e-01
2.973893357823399475e-01
3.103162957812700129e-01
4.880546906470637492e-01
5.909393276942241924e-01
7.000000000000000000e+00
2.285095335509620185e+01
3.677167721654992505e+00
5.138811526609347702e+00
1.909349948372227601e+00
1.197994310221249803e+00
8.231466505289858349e-01
1.251250141972602314e+01
9.410617716407100986e+00
2.421051532538214701e+00
7.741687775122074733e-01
3.083253017092550952e-01
1.780705141136109670e-01
3.993467612898345953e-01
2.058243046374742813e-01
2.923279370009103095e-01
3.838948187510852206e-01
8.000000000000000000e+00
2.320992353293856425e+01
5.362646092936116382e+00
7.150643315087810592e+00
2.511514793344828522e+00
9.083042362746722720e-01
4.194475975238018961e-01
9.468133691926102102e+00
3.317688225534124236e+00
2.372833155977810637e+00
6.139087904854794164e-01
1.266310391082845765e-01
7.963711662057347540e-02
7.862009610956037786e-01
1.798962660775357825e-01
8.716799979611167259e-02
2.595333826981092717e-01
9.000000000000000000e+00
2.487450770043614412e+01
3.721679126967345486e+00
6.537223063089454556e+00
2.722239539344433634e+00
1.271967462379066438e+00
5.326239338558586001e-01
8.319153592783395723e+00
4.145289883240388384e+00
2.374195192796915599e+00
5.283579732839708276e-01
2.250534078021464435e-01
1.052060375027855654e-01
5.778131909561454727e-01
1.183517884231714556e-01
1.971334012417080839e-01
2.235578259259570211e-01
1.000000000000000000e+01
2.213870581707542229e+01
3.885262982381647578e+00
7.959366871038853652e+00
2.356035739992704325e+00
9.279453045254028032e-01
3.828045272973319424e-01
2.034200338029364019e+01
6.674499395141364033e+00
3.001043716821468976e+00
9.697185994448789259e-01
2.671519934113593675e-01
1.094864323728977629e-01
5.900236525747504235e-01
1.465872196220320556e-01
1.428243540138902645e-01
2.560736519949298184e-01
1.100000000000000000e+01
2.496041973773665745e+01
3.713177642903443321e+00
7.260387402996869355e+00
3.000066980049804322e+00
9.969073520063158611e-01
3.298695688094299694e-01
1.409767448118793176e+01
7.961105434111993340e+00
3.005488747443572528e+00
1.455585080472373338e+00
2.155320856330323609e-01
1.101744983432196984e-01
4.195890651395246529e-01
1.664971744953518962e-01
3.648788492274429585e-01
2.766716728385715807e-01
1.200000000000000000e+01
2.667697963546523710e+01
2.204414577275815912e+00
6.671563916633456159e+00
4.886195421340602252e+00
9.699352966598608905e-01
4.687583068571425926e-01
9.632257043850691147e+00
3.757154702782218525e+00
3.053215348764806158e+00
1.219506097963564129e+00
2.410125740884265511e-01
1.244920123667510731e-01
5.619252483757171124e-01
1.973901275590892734e-01
1.970621775358563088e-01
3.218821399258403604e-01
1.300000000000000000e+01
2.551406365092481465e+01
3.216417465415728927e+00
9.270928094409127240e+00
2.253358909190135595e+00
1.898833600289983936e+00
9.684434435802640184e-01
2.287676010216702949e+01
7.646534519810246344e+00
5.586903687257377626e+00
1.970872207714657209e+00
3.140063063599897175e-01
8.367778487499515083e-02
3.347687502986539942e-01
1.154746389359677244e-01
3.512249433413563438e-01
1.991524238109628753e-01
1.400000000000000000e+01
2.593046451640191563e+01
2.903900269544512192e+00
8.384792917802805334e+00
3.445553737322352816e+00
9.094868885700888583e-01
5.509673454860616326e-01
1.260052615169636603e+01
4.179446825341792682e+00
2.183027165720460072e+00
1.198436119688922386e+00
2.439892245887796407e-01
1.077787369682751267e-01
6.329903452951268772e-01
1.521940869214533643e-01
1.230204301160935376e-01
2.599728238897284771e-01
1.500000000000000000e+01
2.708423318704171479e+01
2.538514157448735986e+00
6.378465317408521074e+00
2.942938976380427452e+00
4.504336727132420837e-01
4.418330696047106376e-01
1.491501752396045966e+01
6.497724186946276959e+00
3.264208035535422159e+00
1.141087341738105332e+00
2.257347737259661480e-01
1.172964971506075954e-01
4.298279967669315638e-01
1.697964943152511508e-01
3.444372295071023160e-01
2.870929914658587601e-01
1.600000000000000000e+01
2.845702252630259821e+01
3.251351346017670174e+00
7.338438353060958264e+00
2.680031182707591331e+00
1.136973242389608840e+00
3.835847382426537111e-01
1.234457953821012666e+01
6.980113816091499501e+00
3.138921145100453725e+00
9.061927494374847347e-01
2.264252222214229171e-01
1.134744504765178713e-01
5.946138105932211593e-01
1.235049346835746936e-01
1.789609671853559236e-01
2.369793851600925649e-01
1.700000000000000000e+01
1.629146307765583046e+01
3.377222265909108234e+00
1.070115875071677536e+01
4.382100647298305063e+00
1.089754709431050905e+00
9.213752612812468046e-01
9.419477053555088020e+00
3.012262997085051186e+00
2.626410123756253157e+00
1.026159896949102812e+00
1.573007128211236783e-01
1.127074511641344146e-01
6.488130224806215596e-01
1.521313349667705594e-01
1.938862646982547622e-01
2.648387861309049462e-01
1.800000000000000000e+01
1.722371738576334721e+01
4.785107608123984058e+00
6.634779222040052105e+00
2.615792569270780188e+00
6.914137715346501123e-01
3.902155204763964602e-01
1.123880621951071035e+01
4.726747177725834526e+00
3.997157807727181655e+00
2.929561778607784550e+00
2.243425530260823031e-01
1.650765357322011018e-01
6.103958959017967700e-01
1.857623680752561179e-01
1.652615510721209269e-01
3.508389038074571920e-01
1.900000000000000000e+01
1.715501637601046170e+01
2.939835240748526868e+00
5.143902550215401881e+00
2.217699308846398321e+00
1.428161262630459616e+00
7.357558022960488664e-01
1.340332042367390031e+01
3.955929501053158326e+00
1.778318418429031489e+00
6.337357463026241922e-01
2.847481606858194292e-01
1.515273463498681417e-01
5.655757342217540007e-01
1.878393303671735404e-01
1.496761050924265701e-01
3.393666767170416820e-01
2.000000000000000000e+01
1.958373215367749154e+01
3.791117774394486606e+00
9.043181063876938097e+00
1.875578142105550405e+00
9.020338177361215681e-01
4.878420248924215108e-01
6.617615896424186239e+00
2.078203370863607624e+00
2.394948487859049457e+00
6.311099655773236838e-01
2.991504550459219702e-01
1.191899497510115064e-01
5.678451168177898190e-01
1.749059185002059258e-01
1.330044281362882108e-01
2.940958682512174183e-01
2.100000000000000000e+01
1.583660825623526058e+01
3.785236726353489178e+00
3.530614556700305329e+00
2.365066272997815133e+00
1.918279564167092666e+00
7.514010401891203506e-01
3.201760455012612994e+01
2.068105197343097146e+01
3.881573678896880431e+00
1.258746811066298932e+00
2.331554296552547645e-01
1.016773787039535470e-01
5.027262322092994618e-01
1.157889553473805816e-01
2.641183381354457183e-01
2.174663340513341425e-01
2.200000000000000000e+01
2.159049260076001531e+01
3.861131310426112684e+00
7.791186028872908231e+00
2.911850510223208843e+00
9.784760716974479910e-01
6.471987129822701634e-01
8.037129131300071450e+00
4.490986309920798725e+00
4.120904905145881258e+00
1.099094528770313772e+00
4.201394871166291844e-01
1.649748530716332873e-01
4.270524932870275459e-01
1.554625179810736335e-01
1.528080195963432697e-01
3.204373710527069208e-01
2.300000000000000000e+01
2.044204581796751441e+01
3.591176100457943221e+00
6.514385060194937793e+00
2.167470641674099419e+00
5.439827686968259357e-01
5.985997025619050893e-01
1.050982064794464144e+01
2.520869686905560236e+00
2.405505058895675230e+00
8.017854066771726851e-01
2.311619846825952729e-01
7.900792037140288993e-02
7.375465612667695403e-01
1.179718211109096332e-01
3.129145405063515906e-02
1.969797414823125092e-01
2.400000000000000000e+01
2.033484220695262223e+01
3.064981233829147556e+00
7.303983175137909178e+00
1.905778697418365697e+00
1.294888144102170624e-01
3.512692602290984900e-01
1.399172830565903602e+01
2.187714938345526772e+00
4.536415707519958040e+00
1.912850062518136829e+00
1.792663895479163771e-01
5.511417955243388955e-02
6.427334455772408806e-01
5.682102588366344520e-02
1.780001648748427145e-01
1.119352054360973348e-01
2.500000000000000000e+01
2.241326162968483260e+01
3.707905079235904289e+00
6.173911895507312231e+00
3.449695499220100547e+00
1.114321206214464066e+00
2.224854379272503402e-01
9.890190844501150380e+00
4.735330228536881236e+00
2.201225914178997378e+00
8.004267929484868427e-01
3.578062220532539084e-01
1.295825730152727062e-01
5.890089702958347662e-01
1.027284603280675945e-01
5.318480765091138096e-02
2.323110333433403007e-01
2.600000000000000000e+01
2.227386101977316102e+01
3.242867029172425752e+00
5.664852567820515716e+00
1.376075575347659230e+00
1.248452558727502826e+00
7.754082095828543908e-01
1.380721602199806952e+01
3.066692326727270324e+00
1.935895829611888219e+00
1.309341451773356368e+00
3.750483804291711576e-01
9.594666810556271019e-02
5.928962986175285721e-01
1.218066916564104069e-01
3.205532095330032583e-02
2.177533597619731309e-01
2.700000000000000000e+01
2.265417226040059973e+01
2.733727952461268984e+00
6.367881719173603905e+00
1.531101052785581951e+00
1.914667776058244231e+00
5.704048855232451976e-01
1.672472755490914409e+01
3.458305846225326885e+00
4.034844744129978622e+00
9.431114892815575246e-01
2.875239404258773668e-01
1.081591429466591675e-01
5.453580055506799251e-01
1.137949248794458273e-01
1.671180540234427081e-01
2.219540678261049949e-01
2.800000000000000000e+01
2.547835491525536256e+01
5.488299107147830647e+00
8.176855419663834112e+00
2.168967952458256132e+00
8.895235191605586067e-01
4.954024304024258196e-01
1.992566377601529481e+01
5.462753139440641448e+00
5.006604505378378533e+00
1.478174813907043639e+00
4.646010474854159189e-01
1.135772948114143199e-01
2.412811274529423899e-01
1.028437696887788411e-01
2.941178250616416356e-01
2.164210645001931610e-01
2.900000000000000000e+01
2.349089039646579380e+01
2.919443045536017411e+00
7.960072941697287519e+00
1.639546487343783499e+00
2.114989088366074632e-01
6.019465061851616561e-01
1.637123574070171017e+01
2.849125093301439815e+00
4.877032797880901605e+00
1.242175990429278620e+00
1.603531332188835035e-01
2.825171458656806217e-02
6.235484635887388327e-01
1.165454232772408644e-01
2.160984031923776083e-01
1.447971378638089335e-01
3.000000000000000000e+01
2.810255332064232903e+01
3.422457956307127791e+00
8.823854358432301481e+00
2.266222709824959658e+00
8.587301740480366430e-01
4.189820428401708208e-01
1.946948732632242240e+01
4.850507513990382158e+00
2.512142213929001056e+00
7.338806131793893517e-01
2.327823490875801371e-01
1.111133195808999136e-01
7.140351944658560601e-01
1.489095177992053320e-01
5.318245644656383053e-02
2.600228373801052317e-01
3.100000000000000000e+01
3.100616750325553284e+01
3.886902449978140162e+00
5.990879955223732622e+00
5.601368707840778782e+00
1.879622846441526551e+00
3.879364748417133968e-01
2.323504928248276968e+01
7.137137605020034137e+00
3.214653176618361474e+00
1.312481910012700093e+00
4.949030828300883811e-01
1.218989015888411742e-01
4.349720129331477447e-01
1.041156937267647964e-01
7.012490423676387419e-02
2.260145953156059706e-01
3.200000000000000000e+01
2.388567628851146551e+01
3.134735578970622605e+00
6.460525968533931795e+00
2.217122590535175242e+00
1.668644912980767614e-01
2.246896222188119741e-01
1.311853333275746181e+01
2.422381079423318262e+00
4.912586243883307446e+00
1.296130335721147775e+00
2.925092398896436685e-01
3.614627235426129404e-02
3.230048074066826369e-01
1.193078476955604650e-01
3.844859527036736946e-01
1.554541200498217590e-01
3.300000000000000000e+01
2.839775682086405340e+01
4.022326724006617837e+00
1.010430742067926957e+01
5.978143861971114248e+00
1.813278951634277769e+00
9.675656388861280099e-01
2.333178209423299876e+01
8.222837558853768769e+00
3.579984597093019527e+00
8.557531123979548182e-01
2.121965166140082348e-01
1.097797615131384796e-01
7.059271580796334655e-01
1.546618781224501638e-01
8.187632530635835515e-02
2.644416396355886434e-01
3.400000000000000000e+01
2.154507924398430774e+01
7.826138145295684190e+00
1.165825756329170737e+01
5.322030041643311726e+00
1.585821861663072152e+00
3.296258725450705862e-01
1.895588001338110828e+01
1.053466521951334123e+01
1.874799907454348435e+00
4.606722651985939998e-01
2.100992308489126326e-01
7.938949563623168282e-02
5.592671408573566261e-01
1.392478535850845134e-01
2.306336282937306859e-01
2.186373492213161962e-01
3.500000000000000000e+01
3.939422450694613786e+01
3.115121930256157690e+00
4.950267221921789584e+00
1.325670022443754092e+00
1.414293155238826927e+00
7.374100558865768207e-01
1.385308356675250252e+01
2.268570181766620841e+00
2.743373488197159205e+00
1.099856005676132176e+00
2.629024722779572110e-01
1.462422439977193456e-01
6.952004845207054862e-01
1.698387075221209075e-01
4.189704320133724735e-02
3.160809515198402808e-01
3.600000000000000000e+01
3.708467244802511686e+01
3.451655069606547332e+00
1.128034183686321912e+00
2.337604299517891615e+00
3.095836941213535809e+00
8.271944353277900230e-01
1.657599821466789081e+01
2.772889252033170937e+00
2.387714141113234323e+00
3.342410722371494947e-01
3.448319749690865188e-01
7.479100771186979191e-02
6.425867819826811544e-01
1.373399455136735114e-01
1.258124304823238226e-02
2.121309532255433172e-01
3.700000000000000000e+01
3.735076912703124208e+01
3.291467014604728014e+00
9.673021825543587582e+00
2.216924112538875224e+00
1.016044056422823694e+00
4.235392383515514947e-01
2.050994600696658310e+01
3.182210232957069174e+00
5.223691862308291078e+00
3.875333886916035198e+00
2.497474992771550328e-01
7.830493056575653366e-02
6.939218331552929886e-01
1.381781885105415331e-01
5.633066756755200633e-02
2.164831190762980806e-01
3.800000000000000000e+01
3.714827260503622597e+01
3.612031071590059206e+00
1.006219025838103320e+01
2.579976771870969632e+00
1.678242562607209054e+00
1.010351034295397854e+00
1.746419555624633446e+01
2.615937552441044645e+00
7.285299208619844258e+00
4.845922337731452423e+00
2.828303604705080174e-04
6.940189022989740053e-02
8.323967637494424920e-01
1.440642755657724483e-01
1.673204058900870095e-01
2.134661657956698488e-01
3.900000000000000000e+01
3.924972883370191568e+01
3.852870271768976007e+00
9.103586372163544382e+00
5.148409664245385819e+00
1.178685809181345912e+00
4.904024684230057773e-01
9.326278783835050490e+00
5.291506926381898346e+00
1.111093031877162574e+00
1.180321753780708471e+00
3.796426174145621779e-01
1.520686151218079707e-01
6.010866999681797607e-01
1.001289007507404072e-01
1.927068261725806142e-02
2.521975158725483501e-01
4.000000000000000000e+01
3.574428427972780753e+01
4.127139414365776027e+00
6.166238697752350006e+00
1.878296355063340028e+00
6.005279401970179398e-01
4.164506697128367296e-01
2.243512144861085744e+01
6.787363231506154726e+00
2.450042623772914485e+00
5.312242254033160416e-01
2.587967772752938211e-01
8.697026637496267643e-02
6.092296082392089085e-01
5.425979521188074861e-02
1.319736144854972704e-01
1.412300615868434250e-01
4.100000000000000000e+01
3.275852041302677264e+01
4.016280139097205826e+00
1.209154272206001224e+01
4.095963298542304898e+00
1.505790612211039381e+00
6.474838148633476065e-01
2.106407847453515103e+01
5.494642433475498855e+00
1.176937929220025225e+01
5.913727326685115138e+00
7.382218894046092827e-02
1.128344593333934637e-01
6.800391021050462559e-01
1.888438194396324377e-01
2.461387089544928575e-01
3.016782787730258875e-01
4.200000000000000000e+01
3.939709588636106474e+01
3.637643747096785951e+00
8.019783980664019651e+00
3.864992218388046297e+00
2.243963706499571220e+00
6.128914987816254101e-01
2.035643540192431544e+01
4.642230766438735223e+00
2.972511505560590184e+00
5.126727653986416833e+00
1.681393730009817511e-01
9.130043919930444507e-02
7.752348606478987048e-01
1.562461628789137413e-01
5.662576635111959966e-02
2.475466020782181864e-01
4.300000000000000000e+01
3.921983829237831998e+01
5.019956756777307127e+00
9.930829275198643558e+00
6.643181548020343996e+00
3.817405074619245831e+00
2.406695276084397150e+00
2.337845369093729531e+01
5.747145707527668179e+00
2.880911662468163659e+00
2.085479407878053415e+00
1.843420611270403242e-01
7.768884796448667640e-02
7.630176235171650667e-01
1.329285850776751321e-01
5.264031535579460908e-02
2.106174330421617946e-01
4.400000000000000000e+01
4.042461568950008655e+01
4.766456158487957673e+00
1.235689593903033767e+01
8.419510215132914865e+00
2.295668256124772544e+00
1.555274588042218742e+00
2.247791537139114837e+01
4.235677900445807609e+00
2.887470520959411147e+00
3.911596304218860176e+00
7.708386445617906868e-02
5.564947087500744100e-02
8.784744704229690004e-01
1.389511523354438338e-01
4.444166512085190313e-02
1.946006232104512679e-01
4.500000000000000000e+01
5.171290259806541201e+01
2.915391111888301801e+00
2.175785281086626721e+00
3.993023892675303443e+00
1.421581039796707469e+00
5.564242128776412111e-01
1.025494665809156380e+01
3.531186501026347901e+00
3.375510769086643048e+00
2.155058195565123569e+00
2.494265596202439317e-01
7.464932231674785423e-02
6.332159148950105010e-01
1.687524456519880200e-01
1.173575254847455396e-01
2.434017679687358604e-01
4.600000000000000000e+01
4.247584995242673500e+01
4.023490810078845570e+00
5.288555510955074368e+00
1.585299386659608789e+00
2.083202040621854767e+00
7.082155698546549472e-01
1.886104627724674287e+01
2.902624448670871882e+00
3.274713790140261427e+00
5.257601825160317377e-01
3.538474226533111283e-04
5.232610243272460548e-02
8.128306285649378182e-01
8.840645468974116239e-02
1.868155240124088623e-01
1.407325571224657679e-01
4.700000000000000000e+01
4.378294888046946909e+01
3.248594751701718408e+00
1.062595623458655503e+01
4.521100875603966784e+00
2.614693102472140929e+00
7.684280380947494216e+00
2.110249812174741990e+01
4.810506597841119891e+00
2.982444925937680402e+00
7.661266196618948809e-01
1.856074683745086509e-02
5.920759326536707834e-02
7.427553795955734728e-01
9.352128372439165449e-02
2.386838735669756240e-01
1.527288769897587328e-01
4.800000000000000000e+01
5.336709381367414551e+01
4.373451009888724705e+00
2.663015314381983689e+00
1.582202126602356929e+00
1.842187944134256794e+00
2.184994797437495695e+00
1.870313683824097239e+01
1.842793196581876458e+00
1.051648941325313391e+00
1.838676789704050574e+00
6.413271242518009396e-02
8.168460885489729761e-02
9.143519392137321455e-01
1.040347171489593991e-01
2.151534836108770499e-02
1.857193260038567106e-01
4.900000000000000000e+01
5.383847180628223583e+01
7.076459585999283597e+00
9.004541650222694926e+00
3.608757952124544754e+00
8.552927026197020055e+00
3.769736310325170425e+00
2.138044080936715829e+01
4.533889998826237111e+00
2.016171739270519403e+00
1.402522893307294893e+01
2.849844679237781842e-01
1.350036969001349452e-01
6.030512663846804289e-01
2.395049123960204251e-01
1.119642656915413870e-01
3.745086092961553703e-01
5.000000000000000000e+01
5.233206450754483541e+01
5.547562084225353018e+00
7.338382770103526020e+00
2.762880844358631549e+01
1.411323540053429859e+00
2.151389570070797674e+00
2.389280517189100195e+01
5.083005668769963847e+00
2.950526183502403033e+00
1.091800395165837712e+00
1.214096104393130697e-02
5.165969661024342324e-02
9.366745478435564154e-01
9.694328304515295591e-02
5.118449111251233141e-02
1.486029796553963722e-01
5.100000000000000000e+01
5.277351967916236219e+01
6.883311350846514465e+00
9.978970391525168182e+00
6.084901951421438859e+00
3.880781256899042297e+00
2.027780389845003306e+00
3.018700335632511056e+01
8.069052144658883208e+00
3.019678760365679615e+00
3.307706246592888366e+00
7.767075985657971582e-02
4.753274128615123800e-02
7.510751578804201189e-01
1.089496027354805580e-01
1.712540822630002069e-01
1.564823440216318029e-01
5.200000000000000000e+01
5.127809496880433926e+01
7.392398995138023565e+00
2.605277381168085782e+01
1.372096798295572917e+01
3.694874005716290988e+00
2.985665452670144493e+00
4.060993091895455365e+01
1.251513846788370188e+01
3.348785132107543028e+00
1.793456590656223426e+00
1.826364150606231973e-01
3.055346753875860105e-02
5.713276587172716470e-01
2.646730902229524895e-01
2.460359262221051280e-01
2.952265577617110837e-01
5.300000000000000000e+01
6.814274682601049449e+01
9.141937140053823185e+00
1.668318878227690405e+01
1.384340609936033495e+01
1.480470106664835805e+00
2.327605491270348992e+00
3.164945644461120011e+01
1.364502092888849560e+01
3.461483062472307193e+00
8.826379581966490306e-01
2.652640674994440340e-01
5.816537479133549599e-02
5.043306490094096040e-01
3.149061588531183453e-01
2.304052834911463066e-01
3.730715336444538344e-01
5.400000000000000000e+01
6.898375391585992134e+01
5.731847880763464076e+00
1.519407281163486090e+01
2.265588930705115356e+00
1.838682097212248845e+00
5.570208356587724730e-01
2.827108963681426701e+01
4.756377019250972893e+00
2.230620438028103614e+00
2.311383232027272028e-01
2.588667347889574977e-01
2.841786684342819183e-02
5.411560491040444676e-01
5.888521498223703299e-02
1.999772161069980347e-01
8.730308182566522135e-02
5.500000000000000000e+01
6.540524039021799751e+01
6.494939778410061315e+00
3.281850089053630626e+01
2.020029444925267725e+01
2.062126228738762723e+00
1.273248523588243808e+00
2.368533888434512136e+01
3.094224619632166107e+00
2.373287361978717147e+00
1.123568391750287887e+00
8.126723776792840748e-02
4.994224231917124279e-02
7.208346736049374703e-01
1.212204108330924290e-01
1.978980886271340944e-01
1.711626531522636718e-01
5.600000000000000000e+01
7.187254409302680358e+01
7.099786977774951602e+00
1.513261114844001298e+01
8.524214148793380019e+00
6.225003220521447389e+00
4.525103202934657176e+00
2.560544260753647094e+01
7.169250261984108086e+00
2.817464743300898800e+00
2.137446863292691290e+00
1.606801181613820850e-01
4.790907573371558370e-02
6.318307824480273727e-01
2.686745991598208372e-01
2.074890993905905701e-01
3.165836748935364486e-01
5.700000000000000000e+01
7.472832742440918707e+01
5.610986330946797551e+00
5.653878287113987433e+00
3.430039939545328931e+00
1.433912416004777812e+00
1.071681364807411274e+00
2.532002061583963481e+01
4.838584585958990658e+00
2.661126357886251625e+00
7.824361417773315619e-01
1.484553548371999043e-01
4.495813107644073409e-02
7.405434547301069648e-01
1.026338745323372992e-01
1.110011904326930754e-01
1.475920056087780263e-01
5.800000000000000000e+01
7.481312554675288595e+01
6.784335576662523515e+00
2.929265599695713362e+01
1.404654901699431591e+01
2.680613014696774155e+00
7.406843314014511570e+00
3.236380292639216805e+01
1.105001705209378748e+01
4.944831897519304853e+00
2.192094180829674333e+00
5.574238406665946166e-02
4.302691146056344951e-02
5.876053703225503355e-01
2.926059778119907140e-01
3.566522456107902306e-01
3.356328892725541913e-01
5.900000000000000000e+01
8.024142431776832041e+01
5.910746330512548496e+00
6.200633701361113914e+00
6.534153489040540386e+00
1.501166169788225702e+00
4.436858207989728520e+00
3.547794241359301992e+01
8.810124712059751673e+00
2.896843004024866275e+00
1.002655411330853674e+00
1.387356607517346851e-01
3.644035092803701165e-02
5.826523225042300469e-01
1.581302472897456457e-01
2.786120167440352402e-01
1.945705982177826643e-01
6.000000000000000000e+01
8.248896939756403413e+01
5.463334277678955075e+00
7.296113604798996066e-01
3.080150734377351096e+00
2.227257375169365616e+00
5.802574195504265120e+00
3.059252191030729762e+01
4.429969277331111677e+00
2.414859717826469243e+00
7.973576761451780515e-01
4.610347764067804222e-02
7.068111202072897836e-02
7.160203922794358133e-01
5.828808006325283952e-02
2.378761300798861722e-01
1.289691920839818318e-01
6.100000000000000000e+01
8.670013692420680229e+01
6.167734337984956738e+00
2.282849606399421205e+01
7.785520714896733807e+01
3.805808368652218387e+00
3.154460762464584889e+01
3.224480132842407443e+01
5.638176514437628128e+00
2.201626367435777443e+00
6.835648095749826680e-01
4.836290188975460585e-05
6.930347635716546661e-02
7.461506965935458258e-01
7.812234641065055052e-02
2.538009405045643652e-01
1.474258227678160171e-01
6.200000000000000000e+01
9.272384884094603308e+01
7.428281000670276413e+00
3.614221062737469481e+01
1.158462674590197850e+01
1.463185223480662067e+01
6.717024757826191461e+00
4.068828935886789111e+01
1.733524262527959436e+01
3.903322665550205794e+00
1.373567218117915933e+00
1.304902903506297285e-01
2.918669920842341392e-02
3.845728799129782827e-02
3.221364854577966064e-01
8.310524216580724710e-01
3.513231846662200342e-01
6.300000000000000000e+01
9.468883313313864392e+01
6.937430890698384367e+00
2.293700006550601689e+00
8.467306697185088993e+00
1.376884414371658982e+00
3.276186651685899420e+01
2.607127140163521162e+01
5.847332235705098746e+00
2.927492674159358543e+00
1.029974582257309423e+00
2.046739929369031236e-02
6.853897636068956301e-02
8.319610579279865803e-01
1.707150445216591983e-01
1.475715427783230727e-01
2.392540208823487613e-01
6.400000000000000000e+01
1.038106024071832110e+02
5.569985074504882228e+00
4.626424645209695208e-03
2.799208170091236347e+00
1.252067485221727283e+00
3.612318758023431164e-01
2.113266726555871955e+01
1.596402917447083514e+00
1.601408110762811532e+00
2.211533995771894023e+00
1.250471340545362409e-01
5.266745927015509254e-02
8.677944787885861766e-01
4.490298597737694269e-02
7.158387156877554780e-03
9.757044524753202830e-02
6.500000000000000000e+01
1.126812958672485792e+02
4.202777529649568855e+00
5.803292085895296992e+00
9.913885829790583415e+00
5.978205747191889685e+00
8.142768250839868216e+00
2.143791948990358875e+01
3.775439274885653784e+00
1.179199673480821886e+00
5.077302721668164320e-01
1.714704270107708303e-02
3.987128912606188041e-02
7.414080176915430753e-01
1.168654721021026022e-01
2.414449396073798937e-01
1.567367612281644895e-01
6.600000000000000000e+01
1.168649994770000546e+02
4.604998956855215653e+00
2.376630496662744396e-01
2.171151650907591435e+00
1.022447370524762977e+00
2.600614559945975124e-01
2.133679561725428542e+01
5.641385126947331408e+00
1.323984670801022112e+00
1.310534947478253009e+01
2.675579645386488847e-01
1.382764790460245252e-01
7.043672890985538393e-01
1.284066549625750842e-01
2.807474636279727598e-02
2.666831340085996094e-01
6.700000000000000000e+01
1.161798006239840788e+02
3.766889109535284774e+00
6.122045479614522945e-01
3.928900562931456619e+00
9.678674091160747173e-01
9.918236535547765298e-01
2.642546059496961774e+01
4.649094110043029637e+00
5.787297542378547988e+00
2.981292195018404367e+00
3.134015691273126514e-01
1.741918028945438068e-01
6.209537196235817014e-01
8.517922473654510052e-02
6.564471124910564725e-02
2.593710276310888796e-01
6.800000000000000000e+01
1.221689822823500862e+02
5.784933763337058998e+00
1.192299732153201675e-01
1.341044077741400775e+00
1.308650279286681206e+00
1.815072771619506420e-01
2.749476791555516186e+01
3.985117870506607041e+00
6.555275274968114729e+01
2.904834839218289488e+01
4.344750958607800362e-01
6.872182557724729191e-02
5.468978443025328540e-01
6.883788602412477253e-02
1.862705983668710985e-02
1.375597116013720644e-01
6.900000000000000000e+01
1.241345997664523679e+02
4.015127805171216480e+00
8.099678650849625461e-01
5.451750445410416646e+00
1.263566913086088261e+00
2.641900203290351801e+00
2.949323422532568628e+01
5.189706154756787093e+00
1.265840098110963208e+00
3.999643031112140590e-01
2.552574910737417935e-02
4.880182058221393948e-02
5.166002219951395524e-01
8.340649695063614977e-02
4.578740288974862960e-01
1.322083175328500892e-01
7.000000000000000000e+01
1.270147900822722704e+02
4.081683924576574363e+00
1.051636415523703860e+01
1.521530910862350616e+01
7.250888306124549931e-01
3.744219132296934038e+00
3.106458895203532578e+01
8.470495329000639728e+00
1.625673851318300667e+00
4.605518690166560125e-01
1.897892339496238178e-03
4.077851056651363160e-02
4.611088112715036602e-01
1.325311057516908309e-01
5.369932963890000632e-01
1.733096163182044624e-01
7.100000000000000000e+01
1.283645785961077195e+02
3.512358457166946835e+00
1.798186936900273647e+00
2.779162306889750855e+00
1.846027391441814913e+01
2.663093170993399639e+01
2.878341357898930397e+01
7.472703514595940177e+00
1.328100761273132591e+00
5.428292651944073288e-01
1.501037794812814553e-02
2.416930015477596408e-02
5.108010373791256331e-01
1.734885505338452094e-01
4.741885846727462717e-01
1.976578506886211839e-01
7.200000000000000000e+01
1.292064533523026739e+02
5.271731004653757324e+00
4.671813506087271750e-01
6.121158030014066220e+00
1.203423467757900100e+00
1.814683181436471671e+01
2.618400909295063173e+01
5.345526789721112948e+00
9.315591443706643382e-01
9.207529787483115236e-01
6.907541904294918489e-02
1.338172174221745891e-01
6.243433022380502351e-01
1.399518130008487182e-01
3.065812787190005384e-01
2.737690304230233074e-01
7.300000000000000000e+01
1.496788319968015060e+02
5.190510838515199232e+00
1.414539315032070732e+01
2.670227118497769059e+00
1.856732869091543225e+00
6.465431890274545568e-01
2.322806830973514636e+01
3.284225420764313785e+00
1.104257429306277016e+00
2.740428485633350508e-01
2.524677541484220966e-01
2.733553927588507418e-02
4.338385880127922922e-01
7.042522357686775702e-02
3.136936578387856667e-01
9.776076285275282773e-02
7.400000000000000000e+01
1.445564259437113890e+02
5.103373189897404849e+00
1.267850303442468463e-01
1.471168398301784030e+00
9.264597428900555043e-01
2.515466689325668859e-01
2.938333383871420423e+01
4.886170083432100242e+00
7.467057762816839972e-01
8.092891721977981678e-01
5.088641605271018165e-01
1.682385593258255707e-01
4.779382604223125774e-01
5.911133064601986620e-02
1.319757905058560610e-02
2.273498899718454369e-01
7.500000000000000000e+01
1.487858504195846194e+02
3.627093616237115459e+00
3.813059509178604589e-01
3.149451956362982585e+00
7.769504844070910243e-01
3.150745209562518245e-01
3.361920712401234113e+01
5.168084915383375666e+00
1.155834572073398459e+00
2.384440824421813765e-01
1.159741171418194328e-01
1.627678704767751561e-01
3.858070279081778353e-01
7.372974642450511040e-02
4.982188549500027319e-01
2.364976169012802665e-01
7.600000000000000000e+01
1.500356428868220746e+02
5.305864884917166791e+00
4.674649094595426657e-01
2.401975708534206611e+00
7.706988178645184373e-01
5.044313421471842140e-01
3.287414050888790484e+01
8.168855574889599680e+00
8.217390220591724859e-01
7.660429708733053067e-01
3.541952488125811316e-01
1.867859823468480396e-01
4.034574196822455217e-01
1.079428231795195592e-01
2.423473315051734023e-01
2.947288055263675988e-01
7.700000000000000000e+01
1.495410383818822027e+02
5.265477761942733537e+00
1.561494812159049062e+00
1.156260596099841997e+01
7.093968799734905462e-01
5.499095659981851902e-01
2.458523179412227933e+01
3.724747223182391043e+00
5.719635124630246814e-01
6.775243210893303614e-01
1.267543619362851981e-01
1.820534859465950950e-01
5.507604388006591689e-01
5.505438880536543678e-02
3.224851992630556330e-01
2.371078747519605456e-01
7.800000000000000000e+01
1.538284595140925433e+02
4.501149765564067984e+00
2.373307585693500421e-01
9.232563126861188518e-01
7.838392982009481091e-01
2.046310727673682772e-01
3.231848832232953583e+01
5.040406043981567663e+00
1.657147598061643246e+00
7.205709091482868089e-01
3.780345830926711836e-01
1.656323051025933302e-01
4.177653543438684669e-01
6.299943093299854857e-02
2.042000625634603495e-01
2.286317360355918926e-01
7.900000000000000000e+01
1.574236436977310518e+02
3.952824546930248317e+00
4.090285811026749485e+00
9.360153580966537490e+00
2.661329001708480391e+01
1.179924936036676009e+01
4.024855462026556552e+01
8.667227990684006400e+00
1.428526367341182324e+00
4.178649654148156034e-01
9.818718776634578413e-03
3.317082831207097265e-02
3.024835505648971745e-01
1.129013587430231780e-01
6.876977306584681759e-01
1.460721870550941437e-01
8.000000000000000000e+01
1.574726350365454266e+02
4.733632945164060857e+00
1.452432550978950965e-01
2.748470033313236804e+00
9.176569554944035145e-01
4.173941164720350594e-01
3.136176577715639269e+01
6.930195186946399133e+00
1.583340631489791095e+00
7.069596905015265165e-01
2.224504901022922032e-01
8.097159545887720744e-02
4.013171327625950635e-01
1.051989761289273545e-01
3.762323771351127055e-01
1.861705715878045619e-01
8.100000000000000000e+01
1.615752197882470114e+02
4.077961517631790045e+00
5.258096719026285726e+00
3.857901947319565927e+00
2.615669090806285624e+01
1.456503789875466381e+01
3.875906258106567037e+01
6.744083844125791316e+00
1.624162554364400268e+00
3.105264859524728416e-01
6.506386607469844680e-03
4.826464297909994344e-02
3.137875148911558609e-01
8.872942341388383169e-02
6.797060985013743117e-01
1.369940663929837821e-01
8.200000000000000000e+01
1.649242951641780337e+02
3.944407736929878450e+00
2.795742181740158705e-02
2.612045945603506336e+00
8.596511958919605956e-01
1.900606904402549202e-01
3.053333096335664365e+01
5.742698790370847739e+00
2.914457010430052897e+00
1.340620424589795467e+00
2.367521149022124571e-01
5.347267080931644712e-02
3.990340722065626733e-01
9.177509455541899008e-02
3.642138128912248973e-01
1.452477653647354372e-01
8.300000000000000000e+01
1.675083909691262818e+02
3.994919401066890696e+00
7.016308354993758267e-02
2.186672258237480904e+00
1.071719413349653038e+00
3.570336186481466445e-01
2.768729617676122956e+01
4.831968409068172043e+00
1.275748047934603058e+00
7.206131166650808773e-01
1.874149413610945725e-01
7.877475384502084788e-02
4.437294985613946530e-01
7.902839047521997839e-02
3.688555600775107468e-01
1.578031443202408401e-01
8.400000000000000000e+01
1.657767750233804236e+02
3.528515910430907621e+00
3.132528341754655526e-02
1.887860725011569318e+00
1.028686291337091774e+00
2.556602928951820508e-01
2.648578054108874724e+01
4.428883645238677502e+00
1.708901930770717392e+00
5.340158714201194146e-01
1.739313176680956641e-01
7.630667017568071309e-02
4.775013547698178096e-01
8.126797844244061653e-02
3.485673275620865263e-01
1.575746486181213157e-01
8.500000000000000000e+01
1.662429933659703636e+02
5.420351394613899920e+00
5.531093432299448442e-02
3.864058646997424518e+00
9.534031794271554672e-01
3.916133743448612092e-01
2.328727489497658709e+01
4.062457972818737773e+00
1.052032114215073699e+00
9.889347177814664658e-01
3.110801457244648516e-01
9.570068870625011992e-02
5.375850948534051099e-01
6.685095457677037167e-02
1.513347594221300385e-01
1.625516432830204916e-01
8.600000000000000000e+01
1.715356930773565978e+02
2.873080575540884585e+00
2.812806224342090289e+01
1.727609778170304367e+01
8.038488690688279092e+00
1.652802206322408551e+01
3.023277488625843290e+01
5.060599643803212366e+00
1.609010694937816011e+00
4.396478655836763560e-01
6.610008427031176595e-03
3.230426102095107499e-02
3.617076728061392465e-01
1.223875094822749199e-01
6.316823187668295647e-01
1.546917705032259949e-01
8.700000000000000000e+01
1.750015278768093197e+02
4.913618619377641217e+00
1.848688246637538932e-02
3.164091264509344636e+00
9.194834682992814034e-01
3.735741307336390982e-01
2.868920976370358389e+01
4.836489316464417598e+00
1.729159678013389545e+00
6.459960474425442412e-01
1.411791636154564045e-01
7.049435205248981429e-02
4.230786228403246585e-01
8.343806068434327095e-02
4.357422135442189370e-01
1.539324127368330852e-01
8.800000000000000000e+01
1.776792703222589580e+02
2.461612003550576411e+00
8.676898214682980282e+00
8.004838903701282149e+00
4.827285736849908027e+00
1.274503197234507290e+01
2.778406634959458898e+01
3.921204152070506765e+00
1.600935218199353915e+00
2.731798008683788970e-01
2.091060415284527740e-03
3.465192947905162274e-02
4.311608025350718854e-01
6.743905204742800530e-02
5.667481370496436632e-01
1.020909815264796350e-01
8.900000000000000000e+01
1.772499151593643205e+02
6.218019995164592473e+00
6.757352533144099505e-02
3.145976543507896128e+00
9.601573484788163970e-01
4.869153582057407781e-01
2.700511873079014435e+01
5.005750922489270671e+00
1.611102507925999738e+00
4.518838402304937163e-01
1.060343462122026181e-01
9.426248366477352203e-02
4.487271287736471215e-01
7.720770229614087876e-02
4.452385250141502882e-01
1.714701859609144008e-01
9.000000000000000000e+01
1.788154702193247090e+02
4.233142363934001118e+00
7.299484328098636787e+00
1.668870993237824862e+01
1.009335288401457031e+00
1.858550172805117384e+01
2.278746540342458715e+01
3.834054436426451495e+00
1.180487203714226885e+00
3.832241556726637133e-01
2.567380773462437510e-03
3.865372040153697286e-02
5.416904797594249699e-01
9.539341779226419293e-02
4.557421394671126169e-01
1.340471381938011519e-01
9.100000000000000000e+01
1.802216631291178999e+02
4.331713879755933583e+00
3.695598610954837215e-01
1.867986396347517619e+00
1.079207322452795825e+00
2.674428071173260424e+00
2.954162795188787527e+01
3.992105958995944892e+00
1.624469477434784981e+00
3.345832975123150255e-01
1.820550430970630656e-02
6.699417638989903223e-02
4.190237431838718662e-01
6.968936014562304715e-02
5.627707525064218341e-01
1.366835365355220655e-01
9.200000000000000000e+01
1.800259029127825272e+02
5.040423418824585333e+00
3.983016919081538293e-02
2.952220828711937362e+00
1.228573525671510902e+00
4.674741171493528857e-01
2.460749077610584479e+01
3.615955034381622024e+00
1.249694383039857914e+00
9.253555436798207579e-01
1.225237308085035254e-01
7.669210018095726222e-02
5.132515235614681925e-01
6.252938030263929803e-02
3.642247456300282682e-01
1.392214804835965603e-01
9.300000000000000000e+01
1.805814959082648841e+02
9.135629782279456990e+00
6.881348043616308807e-02
2.820806050989774327e+00
1.236511017281576530e+00
3.653579324231886472e-01
2.800853186195251254e+01
4.645143466152862999e+00
1.358241907179752017e+00
3.399785697234568027e-01
3.849469024238405535e-02
5.895518874517705066e-02
4.631625523900316233e-01
7.242111769632199325e-02
4.983427573675842659e-01
1.313763064414990578e-01
9.400000000000000000e+01
1.814821509487058506e+02
5.522457378017362473e+00
8.649100959000320943e-01
1.956686362473170293e+00
4.058115490132893632e-01
6.261848321061824763e-01
2.412549707768527796e+01
3.526646206427501262e+00
1.294700715069401653e+00
1.207460948839011561e+00
6.401579491037229230e-03
9.104166284051158631e-02
5.536055943393618506e-01
7.948736195482900002e-02
4.399928261696008924e-01
1.705290247953406002e-01
9.500000000000000000e+01
1.806115876128302205e+02
4.273944211652353609e+00
4.511303333570340635e-02
1.798466841668557636e+00
8.715208255017302674e-01
2.841233665018789156e-01
2.981767353350092264e+01
4.275859498974896589e+00
1.543699278034255107e+00
6.520396066573631577e-01
1.309044169962665372e-01
6.618790789354654647e-02
4.672023925136709610e-01
7.654931314396234976e-02
4.018931904900624463e-01
1.427372210375089101e-01
9.600000000000000000e+01
1.813606075484388498e+02
4.775814251837869229e+00
1.479021568708940304e-01
6.393967837612753335e+00
1.233805875062671475e+00
1.137875479907235476e+00
2.771363660230877812e+01
6.127999545089080513e+00
1.233194421943790253e+00
1.623841315817344366e+00
1.143858534060338827e-01
1.003874578609611767e-01
5.096534726991460706e-01
7.269946639353525031e-02
3.759606738948200189e-01
1.730869242544964270e-01
9.700000000000000000e+01
1.830063972591501624e+02
3.856773791961481290e+00
2.586271268447779548e-01
2.133293439170575567e+00
9.599465423693673838e-01
9.640530529490589640e-01
2.912042215641752207e+01
3.676395105443988065e+00
1.408267912110129139e+00
7.035890228887128339e-01
4.693435665306617405e-02
7.674438139676764692e-02
4.762120518657267931e-01
6.122600747602089527e-02
4.768535914812069842e-01
1.379703888727885353e-01
9.800000000000000000e+01
1.826574346009862211e+02
4.195777225995687587e+00
9.917417660642987798e+00
1.218553068748272672e+01
7.921966735172838447e+00
1.011061553257174594e+01
3.235240358337981093e+01
4.691236690365018447e+00
1.455750192944356591e+00
3.599311102255093320e-01
2.927191871193599026e-03
4.042738932215567127e-02
4.296538565267489229e-01
8.572442990210744906e-02
5.674189516020574642e-01
1.261518192242631065e-01
9.900000000000000000e+01
1.842386089037065915e+02
5.378432359293583431e+00
4.218959479113314259e+00
3.702390760558485372e+00
7.835042123047445628e+00
5.978870520051635218e+00
3.043227469033655908e+01
4.542891964781114567e+00
1.285086040332177326e+00
3.609436524089346676e-01
7.689287274980250754e-03
4.656141562608284712e-02
4.574800343121255275e-01
8.404767285298427038e-02
5.348306784128942226e-01
1.306090884790671036e-01
1.000000000000000000e+02
1.854163688708570419e+02
4.222165634657073063e+00
1.231435888557932956e-01
8.285665268304454045e-01
7.880196904661209700e-01
3.254106301615452557e-01
3.054957887157687679e+01
3.109422775753744261e+00
1.668095675841515746e+00
4.659111646308762289e-01
1.446615907187231431e-01
3.211170455218301245e-02
4.589459646202500021e-01
4.333783338464894386e-02
3.963924446610268548e-01
7.544953793683195631e-02
1.010000000000000000e+02
1.860186567320511131e+02
7.673141008856967815e+00
5.620299873029861004e+00
1.564033497033640607e+01
3.253363672022393516e-01
2.671588454761441023e-01
2.859461873999107340e+01
5.325520059457409694e+00
1.106039143185070683e+00
5.754261215852914946e-01
1.460101857344018456e-02
5.228308366875599605e-02
5.062431071319184461e-01
9.832642380449908848e-02
4.791558742946413485e-01
1.506095074732550776e-01
1.020000000000000000e+02
1.841383443105765423e+02
8.195667657961637431e+00
1.758297024790013430e-01
5.080581239462846455e+00
1.114724084686752770e+00
1.944734788026217798e+00
2.674619675650723494e+01
5.257111971776584625e+00
1.938370894940676381e+00
2.315151113649316805e+00
2.404217826651643686e-01
2.027758642034678815e-01
5.587905311814581610e-01
1.088703884430368696e-01
2.007876861533774981e-01
3.116462526465047511e-01
1.030000000000000000e+02
1.864341991826690332e+02
5.469033266766043511e+00
2.895826374205629633e-02
1.724418793891143942e+00
8.416011663725875280e-01
2.960013413396563875e-01
3.344470817646941896e+01
4.912032093620289253e+00
1.748654804017676145e+00
8.538201648823054990e-01
1.900426004785110701e-01
7.102557217296549819e-02
4.398782855224835919e-01
7.651181939401485721e-02
3.700791139990053935e-01
1.475373915669803693e-01
1.040000000000000000e+02
1.889714740995482600e+02
5.235878989060378075e+00
7.193064856766715920e+00
7.191949051112657365e+00
2.102942946918513023e+00
1.206300906363378722e+01
3.061694313468961326e+01
4.871158451422014757e+00
1.296904667289769053e+00
3.345818352006893481e-01
8.238788247000031900e-03
3.282779478126273548e-02
4.720187357937172257e-01
8.737783838053254926e-02
5.197424759592828014e-01
1.202056331617952778e-01
1.050000000000000000e+02
1.865494659641314286e+02
4.736833402032840645e+00
2.267063342927601033e-01
1.574778823402567918e+00
9.134670312900109446e-01
1.625756629387891949e-01
2.845492906277036127e+01
3.119085546690355759e+00
6.018778958673481894e-01
1.422207043067334808e+00
4.188455607414676152e-01
1.449060062082433709e-01
5.427491043939325355e-01
6.038272461290447590e-02
3.840533486459984935e-02
2.052887308211478468e-01
1.060000000000000000e+02
1.912813640581113361e+02
8.079523153024906534e+00
9.166222694462933251e-01
3.578926180285710412e+00
6.436298819775986280e-01
1.172108970061215949e+00
3.102390292517067394e+01
5.653186884999272799e+00
1.401264709743583303e+00
8.346414456700603779e-01
6.526687145091494835e-02
1.066725375637870704e-01
4.725826347164620023e-01
9.984957548994247145e-02
4.621504938326230771e-01
2.065221130537295280e-01
1.070000000000000000e+02
1.907963181650791853e+02
5.137169180884077591e+00
8.284483318671336249e+00
4.548749976602172396e+00
2.081608850264211608e+00
2.433149075681169560e+00
3.209988504240677543e+01
6.671701969713832447e+00
1.300557969872390363e+00
1.747932158776172695e+00
3.341219631432426618e-02
7.301346046826798220e-02
4.523024982070520950e-01
1.095329095606642072e-01
5.142853054786236111e-01
1.825463700289322033e-01
1.080000000000000000e+02
1.918409970573155761e+02
1.358367062791814739e+01
5.500338201406885785e-01
4.362667728323134320e+00
9.049577896905705021e-01
4.596156670367789188e-01
2.964396304166245244e+01
5.065111148077928505e+00
1.185193611888336163e+00
4.223951663197124673e-01
4.832643828883826514e-02
6.006175161847174954e-02
4.980380800217135695e-01
9.314686926044735138e-02
4.536354816894481168e-01
1.532086208789190940e-01
1.090000000000000000e+02
1.930512455771985287e+02
1.145274514345336492e+01
2.769415396090905701e-01
5.974529008912885963e+00
7.601902442303083429e-01
2.613032270241859578e-01
3.214824757418467271e+01
7.459755479411038337e+00
4.123290313139271746e+00
1.764059558055750765e+00
3.122894540322944668e-01
1.201362094464905744e-01
4.444216965212172132e-01
1.204812606398408953e-01
2.432888494464883200e-01
2.406174700863314697e-01
1.100000000000000000e+02
1.941813740363419925e+02
8.377688603796945799e+00
5.594098088821535697e+00
5.551214786632274745e+00
1.590427637462033061e+01
2.409965661535682457e+01
2.821858762284280431e+01
6.819981444064027620e+00
1.533365167736604029e+00
8.293896723117945013e-01
1.373534025103271931e-02
5.058895210122988512e-02
5.376614915094174441e-01
1.555667731638878115e-01
4.486031682395498210e-01
2.061557252651176897e-01
1.110000000000000000e+02
1.955467970140306591e+02
7.308681170662481463e+00
7.114188619017323134e-01
3.296640803797031616e+00
6.275022137015784374e-01
3.371250238811502320e-01
3.028285505679561851e+01
5.805534873640678661e+00
1.297270191486047608e+00
5.356427436353536908e-01
1.169814448800599871e-01
7.311631431976720052e-02
5.001014828458061334e-01
1.048718480635802003e-01
3.829170722741338517e-01
1.779881623833474147e-01
1.120000000000000000e+02
1.956691598927458813e+02
1.364130190380266150e+01
3.394063607560243168e-01
3.385002606158018956e+00
8.440695655581657020e-01
4.766164008414496278e-01
3.065658443256682020e+01
5.258898232684457774e+00
5.110066770003330205e+00
2.221097029234120335e+00
3.905528345040943927e-01
1.625295912278517940e-01
4.955953140671711665e-01
8.227188261179663176e-02
1.138518514287344408e-01
2.448014738396484258e-01
1.130000000000000000e+02
1.974684866965373544e+02
6.806740651723820257e+00
4.211862223596340993e-01
1.139374203604658575e+00
6.257265769632147645e-01
2.691145280018489294e-01
3.402605155969257567e+01
4.396894505131034414e+00
1.544350623112542786e+00
7.080052544202761755e-01
2.112382282717442661e-01
3.312163078553222173e-02
4.422724548897394858e-01
5.389270964836533756e-02
3.464893168385162481e-01
8.701434043389755235e-02
1.140000000000000000e+02
1.967307084231716772e+02
7.531063528287599951e+00
1.802677522533263910e-01
3.024706039507585320e+00
8.039736316755307088e-01
4.817729665026907471e-01
3.106207267613539358e+01
5.363767900075476547e+00
2.769824650317693759e+00
1.454534796913817596e+00
3.370248358911584474e-01
7.103721228506802710e-02
5.015139930496930187e-01
9.926419590053685293e-02
1.614611710591484783e-01
1.703014081856048800e-01
1.150000000000000000e+02
1.982899665852970656e+02
1.110670313717828961e+01
2.003571570517397404e+01
1.081191324385145514e+01
6.685691758833748111e+00
5.797171258197613142e+00
3.337923140680779710e+01
7.275089766439372774e+00
1.359862742544341474e+00
6.414678823391400941e-01
1.074225003145468614e-02
5.807488143243381973e-02
4.463751592958365988e-01
1.018028191658020137e-01
5.428825906727087203e-01
1.598777005982358335e-01
1.160000000000000000e+02
1.961843303998678039e+02
7.721425834063154525e+00
1.991272615840317672e-01
7.413861780415527569e+00
1.073004691290904811e+00
4.822754961910382110e-01
2.683058115971401136e+01
6.554382946284358802e+00
4.879615838968799357e-01
1.668124312169518619e+00
2.737186208140249821e-01
1.211271869789580513e-01
5.802489395768885005e-01
1.309838909992380729e-01
1.460324396090865173e-01
2.521110779781960964e-01
1.170000000000000000e+02
1.996771233286366396e+02
7.266023105922331915e+00
1.992917891809634412e+01
1.060388647869202039e+01
6.341874579766951570e+00
7.996439580528602598e+00
3.095201692460622667e+01
4.906522965803101322e+00
1.116407898068488613e+00
4.686501053374947379e-01
4.658263777932644678e-03
3.160758152769666679e-02
4.965456246817732677e-01
1.026335360078677872e-01
4.987961115402941292e-01
1.342411175355644470e-01
1.180000000000000000e+02
2.049499949032416737e+02
4.786182973074449620e+00
2.633555565331125337e+00
3.726992813869543841e+00
2.053643890184012388e+00
3.678293396660350822e+00
3.323427374832076708e+01
3.843193302338464790e+00
1.273613336331644197e+00
3.142263680562840111e-01
5.188769356415974532e-02
4.027910942474242223e-02
4.418283535661534644e-01
5.796874136091734880e-02
5.062839528696867486e-01
9.824785078565977103e-02
1.190000000000000000e+02
2.037196362649343655e+02
7.438471434837002683e+00
2.347295846462025756e-02
1.852712225976234528e+00
8.753313970843406011e-01
2.647879066519447933e-01
3.147921576047775361e+01
4.250370551321934087e+00
1.286574612168147391e+00
4.383146838735516582e-01
1.092976208296499302e-01
3.788570804762932120e-02
4.819597172532622542e-01
6.654366630298001739e-02
4.087426619170878572e-01
1.044293743506093386e-01
1.200000000000000000e+02
2.070778345753831786e+02
6.817434469791677110e+00
7.010762465869382343e-01
3.363193852766688696e+00
5.072410703746268457e-01
2.591825143023032130e-01
3.205435939701933989e+01
6.320599546136481450e+00
1.612641851954245809e+00
8.226932705929389522e-01
2.280804489836078808e-01
7.533484978988613801e-02
4.569648110314737388e-01
1.026635816850523242e-01
3.149547399849184082e-01
1.779984314749384622e-01
