6.000000000000000000e+01 4.081952559051205753e+01 1.719078786346936738e+02 1.933010618475321252e+01 2.720059768484372853e+02 2.346962349865103477e+02 2.003986075019413837e-01 2.362841817670229272e-01 5.633172107310356891e-01
6.100000000000000000e+01 1.345110628880155730e+02 1.931797699695314350e+02 5.005946920667425104e+01 2.299452746539708414e+02 3.452114133950658470e+01 6.353015846085319218e-02 3.353619552368759527e-01 6.011078863022708552e-01
6.200000000000000000e+01 1.479033164494754260e+02 3.144575970804193048e+02 6.392181310679684714e+01 3.602992915925493094e+02 2.322159323204616044e+01 4.003210519667704803e-02 2.465684404201879953e-01 7.133994543831350121e-01
6.300000000000000000e+01 2.117586176305310630e+02 4.731954590335321882e+02 5.443189917002021616e+01 3.511469587041817704e+02 2.812422941578640234e+01 4.774245015063844910e-01 2.205844677438669188e-01 3.019910307497486457e-01
6.400000000000000000e+01 2.482109626085831451e+02 3.191483502553353446e+02 5.872772801484854455e+01 1.815646540627219281e+02 3.236815675325860298e+01 6.546612019623913037e-01 1.296272095643933309e-01 2.157115884732153654e-01
6.500000000000000000e+01 1.986842867791450260e+02 3.109948821392349601e+02 3.883104899658316356e+01 1.946149646722667512e+02 1.599068877729433780e+01 4.462569900965159819e-01 2.340520081413444142e-03 5.514024898220706294e-01
6.600000000000000000e+01 3.524817334528673882e+02 1.467781032236138685e+02 5.465906185409868812e+01 3.516716355618926855e+02 1.361097564827261408e+01 4.855369894863726388e-01 3.139148629313055494e-01 2.005481475823218673e-01
6.700000000000000000e+01 2.040015359702126148e+02 2.992061240743561825e+02 3.868626470834729503e+01 4.482909057549921954e+02 1.374668737109013250e+01 8.231510228747029867e-02 3.032773143978331198e-01 6.144075833146965815e-01
6.800000000000000000e+01 2.489049295086573466e+02 4.530174821891400256e+02 3.099202949688509534e+01 2.163769363439621429e+01 1.141472346589893050e+01 1.581976196955510172e-01 3.676508435209152048e-01 4.741515367835338335e-01
6.900000000000000000e+01 2.749806613239190938e+02 2.121306607083639904e+02 2.722392030317264755e+01 4.569754615702245815e+01 8.851226128047244401e+00 4.238061350963512330e-02 5.318163020816105702e-01 4.258030844087543620e-01
7.000000000000000000e+01 3.498964650720762393e+02 7.863274007974933966e+01 7.015094782889707403e+01 3.399187061663353120e+02 9.224161804696365152e+00 4.380847329655884748e-01 2.938354214240228024e-01 2.680798456103887784e-01
7.100000000000000000e+01 3.095269889173853244e+02 4.124139794598384015e+02 3.252745159145675302e+00 2.055797916992807188e+02 8.907279787172200258e+00 2.641707547539596246e-01 3.838517267174986758e-01 3.519775185285416441e-01
7.200000000000000000e+01 3.281747270767600071e+02 2.545408808053952043e+02 1.980404349811625053e+01 4.288831396057513530e+02 9.224444144693279668e+00 1.536400706648758385e-01 5.230409513429951085e-01 3.233189779921290530e-01
7.300000000000000000e+01 3.393357204080486440e+02 2.914573788333800053e+02 3.599587205162330150e+01 2.056186555192409742e+02 1.522411583607970442e+01 2.141127413740770979e-01 4.713370843323545500e-01 3.145501742935683520e-01
7.400000000000000000e+01 2.723439762495336254e+02 3.594066458320648962e+02 6.903803677261142013e+01 1.208227676025182973e+02 4.890054422238478082e+00 3.014662909037272853e-01 7.975422828028466693e-02 6.187794808159881033e-01
7.500000000000000000e+01 2.900115758650758835e+02 4.213360943274764168e+02 3.606692240985222497e+01 4.341295670638801312e+02 5.275236016914647053e+00 2.234370892223703220e-01 2.146483756361701190e-01 5.619145351414596146e-01
7.600000000000000000e+01 2.635286109595324433e+02 2.933351883052087601e+02 9.160093694469406955e+01 3.724077907286917934e+02 4.833096379736417703e+00 2.930549297227140748e-01 1.848651325082895092e-02 6.884585570264569743e-01
7.700000000000000000e+01 2.584532454535493571e+02 2.025198988915642815e+02 2.386186189688115888e+01 2.198433035576746590e+02 5.150306695041081184e+00 5.951268851641849933e-02 2.129690338417254414e-01 7.275182776418560593e-01
7.800000000000000000e+01 2.793208840640139670e+02 2.985518380428039791e+02 6.311273433161642998e+01 4.130595034807550974e+02 5.323890003908502422e+00 1.379619739111737076e-02 3.365493343550224892e-01 6.496544682538600846e-01
7.900000000000000000e+01 3.930971817643912800e+02 3.480976051646094902e+02 3.022081076687428336e+01 1.499218954818390728e+02 5.976855021505400600e+00 2.531612744722233632e-01 4.117315165996632276e-01 3.351072089281134092e-01
8.000000000000000000e+01 3.695427213544011806e+02 4.770002546184006178e+02 7.325637351276293430e+01 1.283851865601227757e+02 5.677657959599656579e+00 1.566085693929097911e-02 6.026428980149188819e-01 3.816962450457901390e-01
8.100000000000000000e+01 3.210415204219816019e+02 1.488970660922418574e+02 4.436974220780311384e+01 3.676348360203105585e+02 5.776042058677433033e+00 3.762987654775256652e-01 1.099781550721666834e-01 5.137230794503075959e-01
8.200000000000000000e+01 3.233401699916262260e+02 2.983418872447412014e+02 9.995209414097236333e+01 1.977780135941404751e+02 6.258262421581378021e+00 2.257352922366839265e-01 2.552911594062998168e-01 5.189735483570162566e-01
8.300000000000000000e+01 2.750011374161600202e+02 1.311183323858764425e+02 9.450546412808520813e+01 2.421838054633920763e+02 6.220523600925560004e+00 1.202676011083635976e-01 1.430727133468244761e-01 7.366596855448119818e-01
8.400000000000000000e+01 3.620384334254381997e+02 2.011114427344236617e+02 3.436928710195203962e+00 4.487699032816910858e+02 6.308602283367520158e+00 1.369046113391881869e-01 4.356935356715821439e-01 4.274018529892296137e-01
8.500000000000000000e+01 2.742630431300073610e+02 4.225022184388228652e+02 3.598915103353328249e+01 4.628167636342840865e+02 6.368790210441119370e+00 2.275093529136681947e-01 1.468805340471573961e-02 7.578025936816160657e-01
8.600000000000000000e+01 3.578163274584463807e+02 3.216909495065047508e+02 6.551550793133668549e+01 3.620003189447142518e+02 6.501492109964885913e+00 3.965953134764712562e-01 1.466429766171603033e-01 4.567617099063684405e-01
8.700000000000000000e+01 3.422941532779497606e+02 2.393564415124440075e+02 7.799201941740321331e+01 2.434320425447430125e+01 6.443717102042768374e+00 2.740378363829957253e-01 2.114059797545370101e-01 5.145561838624672646e-01
8.800000000000000000e+01 2.772492969493504802e+02 4.316696689700335128e+02 7.792967422204833383e+01 4.556811996154477811e+02 6.546522161802244000e+00 1.174050049726845790e-01 8.414408376389703736e-02 7.984509112634183836e-01
8.900000000000000000e+01 3.874139695979937414e+02 1.716405100219855342e+02 9.023866825058021846e+01 2.265963603095497092e+02 6.719556719945131817e+00 3.123594853545705874e-01 2.724271388889696888e-01 4.152133757564597794e-01
9.000000000000000000e+01 3.097491358982618976e+02 8.035288911146034252e+01 6.627525621471978923e+01 1.770384279490414769e+01 6.881671147006244382e+00 2.212276771268687492e-01 1.201624148354850097e-01 6.586099080376461856e-01
9.100000000000000000e+01 3.768726179476378775e+02 2.290507261881642762e+02 5.747598458964296242e+01 2.960458530035089098e+01 6.971227756765188133e+00 4.360386095700969356e-01 1.124215265950292975e-01 4.515398638348737670e-01
9.200000000000000000e+01 3.048183418761826715e+02 3.895514794785486856e+02 5.707043455665174037e+01 3.303231361877645895e+02 7.017714779731988983e+00 3.240807871744322277e-02 2.657672996474039206e-01 7.018246216351529121e-01
9.300000000000000000e+01 3.549627449179721452e+02 2.073600146067883259e+02 5.549341672691329563e+01 1.868844857773383410e+02 7.158005024658422144e+00 4.177850350984503303e-01 5.908909916426591247e-02 5.231258657372837018e-01
9.400000000000000000e+01 3.042689535803245349e+02 1.363217153614315862e+02 7.697486205855815911e+01 1.448293328636663659e+02 7.253251456776553141e+00 2.069720643095357415e-01 6.730979223402189238e-02 7.257181434564423661e-01
9.500000000000000000e+01 3.426743309574220575e+02 1.523292193468745381e+01 4.744942135215616474e+00 1.925557196780767129e+02 7.554255024115434480e+00 4.019547494532036414e-01 1.802682341093286844e-02 5.800184271358634902e-01
9.600000000000000000e+01 3.654672081942557043e+02 4.088808075990029351e+02 7.553706222159730999e+01 7.671637328278922041e+01 7.505080829118355723e+00 1.138588834722953358e-03 4.816896758683613666e-01 5.171717352969156245e-01
9.700000000000000000e+01 3.856053288352763957e+02 4.119325453447910945e+02 5.244793693318854366e+01 7.066513058937979963e+01 7.580980842782649276e+00 3.338834575969067131e-02 5.003763458037240319e-01 4.662353084365853384e-01
9.800000000000000000e+01 3.455036003714467370e+02 4.753840319857660006e+02 7.921035353984085248e+01 1.983690847441223468e+02 7.460955225964283954e+00 7.982576677511887819e-02 3.347797361842773656e-01 5.853944970406037562e-01
9.900000000000000000e+01 3.816182128263827735e+02 3.123401346919043817e+02 5.861985813226544906e+01 3.653518753472020535e+02 7.489837978588610667e+00 4.204752378571291471e-01 9.095013660323791882e-02 4.885746255396329341e-01
1.000000000000000000e+02 3.369621903797892628e+02 1.950977539260238132e+02 9.649530992159591847e+01 1.090205740140455077e+02 7.428614122534497710e+00 1.428827545999697968e-01 2.208736408865622503e-01 6.362436045134679530e-01
1.010000000000000000e+02 3.227953226235145507e+02 4.166874364020202393e+02 4.182760908204874539e+01 2.587986805470442846e+02 7.303976964293099172e+00 5.578474217361811816e-02 2.390405576376126717e-01 7.051747001887691546e-01
1.020000000000000000e+02 3.654603826287791435e+02 3.494935854553486365e+01 9.482796762411695113e+00 1.858979293012859557e+01 7.469448703862155980e+00 1.327938888169031828e-01 3.112225326379355339e-01 5.559835785451612278e-01
1.030000000000000000e+02 3.039355189458792665e+02 4.388717196565019094e+02 4.566430572881226624e+01 1.647852983681394221e+02 7.505385327159956432e+00 1.156750625824092271e-01 7.069034658917761060e-02 8.136345908284131623e-01
1.040000000000000000e+02 3.596735351933266429e+02 1.969325326018175701e+02 5.363555848897874512e+01 2.636906301737525382e+02 7.882669170281445759e+00 2.562041637593543975e-01 1.527839855822660242e-01 5.910118506583795783e-01
1.050000000000000000e+02 3.019844308076293373e+02 4.257030387210753588e+02 7.151231797286008884e+01 3.686554889537612212e+02 7.589411267886049473e+00 3.090872057306720544e-02 1.228633043829971960e-01 8.462279750439356540e-01
1.060000000000000000e+02 3.697763269791703351e+02 4.355597613786426336e+02 8.351801461086878930e+01 4.654435852987613771e+02 7.498884023669518228e+00 2.279768224532622289e-01 1.987467737738821683e-01 5.732764037728556028e-01
1.070000000000000000e+02 3.352544718896131144e+02 7.782107339103762911e+01 7.716102013500859869e+01 4.029846405261271229e+02 7.545626563362986872e+00 1.640894362028950670e-01 1.293731631217208689e-01 7.065374006753840641e-01
1.080000000000000000e+02 3.909660892196055784e+02 2.253262362182185257e+02 8.382937763400325082e+01 3.824830134706660942e+02 8.211560316032688434e+00 1.004274506090229169e-01 3.797691376430692434e-01 5.198034117479077842e-01
1.090000000000000000e+02 3.725512660189016287e+02 1.880786648879496852e+02 8.404129921857173713e+01 3.942644012400758129e+02 7.806794178634277159e+00 3.653145814893960508e-01 5.144792530669972663e-02 5.832374932039041671e-01
1.100000000000000000e+02 3.888245171068572290e+02 2.314785484457708264e+02 8.204651196684446290e+01 2.755392248147277314e+02 7.969184943528091480e+00 3.079040519137711263e-01 1.545014143760424785e-01 5.375945337101863952e-01
1.110000000000000000e+02 3.929961335475720716e+02 5.441892878458145333e+01 3.439311767493687455e+01 4.081172866433095123e+02 7.854311286974365203e+00 2.609094196937363774e-01 2.040693981009106261e-01 5.350211822053529964e-01
1.120000000000000000e+02 3.457756006745203763e+02 1.168831084828800897e+02 4.965838344360776091e+01 1.658737918446675224e+02 8.207188970575259646e+00 4.221227989760006905e-02 2.568226800646874475e-01 7.009650400377125390e-01
1.130000000000000000e+02 3.916523859630264042e+02 2.123669975974116539e+02 4.843851019955184967e+01 3.030196032987603871e+02 8.157685791906089889e+00 1.046193884341294345e-01 3.434545109461276668e-01 5.519261006197428987e-01
1.140000000000000000e+02 3.840879011196843749e+02 3.548839257288791487e+02 9.029484044675177756e+01 2.123416518367967285e+02 8.379735817367162554e+00 3.259760961405175350e-01 9.709520095042523113e-02 5.769287029090572894e-01
1.150000000000000000e+02 3.987857451430103310e+02 1.959605720662613635e+02 2.823435328926529309e+01 3.480275915671368807e+02 8.745644716115180017e+00 3.772811018699591679e-01 8.659610950283869180e-02 5.361227886272021959e-01
1.160000000000000000e+02 3.898179293692774081e+02 4.022114180740129541e+02 7.881651978428664052e+01 2.530504828788261875e+02 8.924383614622030336e+00 9.244960771529581178e-02 3.427214637507128292e-01 5.648289285339913590e-01
1.170000000000000000e+02 3.963208139834475787e+02 4.651836162358941920e+02 1.621032519707082287e+01 1.377366404466698668e+01 9.330174952350887452e+00 5.565357556598149458e-02 3.931471380593790088e-01 5.511992863746395521e-01
1.180000000000000000e+02 3.764391841525297764e+02 3.156902938123843683e+01 6.389858274670670113e+01 4.795367926791434456e+02 9.839314129528929698e+00 2.430978327735661138e-01 1.438277082649235261e-01 6.130744589615103601e-01
1.190000000000000000e+02 3.059621754547258661e+02 1.348562792691781169e+02 2.513917191253198524e+01 1.381953713361151870e+02 9.947672866235564015e+00 4.546009848893334260e-02 2.030424399893837606e-02 9.342356575121282258e-01
1.200000000000000000e+02 3.762919027274502923e+02 3.320937931783328168e+02 7.463112903758489836e+01 2.943265708968245349e+02 9.556319270689868972e+00 1.013357853761145400e-01 2.671236343748926156e-01 6.315405802489928444e-01
1.210000000000000000e+02 3.767768559343843435e+02 2.046116500792370232e+02 5.609535533250958395e+01 3.571349712298733721e+02 9.295195534757681344e+00 3.362259480888768470e-01 2.526690539539144797e-02 6.385071465157317050e-01
1.220000000000000000e+02 3.412241036530967335e+02 3.071296085793088650e+02 2.305188648646345229e+01 3.951634217378298786e+01 9.372782174020898083e+00 2.641615467570224141e-02 1.847704205831804947e-01 7.888134247411172639e-01
1.230000000000000000e+02 3.840788661268771875e+02 4.599725905266303698e+02 7.537178792454520249e+01 2.814572810565132386e+02 9.301954216334763714e+00 3.146278636586851141e-01 5.737683184966502203e-02 6.279953044916498639e-01
1.240000000000000000e+02 3.691056751658828716e+02 2.959499714949595273e+02 8.831558576519773851e+01 4.507334103155624234e+02 9.233250690749031264e+00 9.847521341226084246e-02 2.143484205010546817e-01 6.871763660866845314e-01
1.250000000000000000e+02 3.598479978158761696e+02 4.511401221441080907e+02 9.251229243944432312e+01 1.342079820594593684e+02 9.209904703672947335e+00 2.642644792080348637e-01 7.770817057982992715e-03 7.279647037339821436e-01
1.260000000000000000e+02 3.638851959392121671e+02 4.051614840312906836e+02 3.322677824144410863e+01 1.113030498622836717e+01 9.190127981423671599e+00 2.743535680487766970e-01 3.884412096815836879e-03 7.217620198544074661e-01
1.270000000000000000e+02 3.974685298716904072e+02 2.512059271304909487e+02 6.733456550771576588e+01 1.312685499041066350e+02 9.378645880452040728e+00 3.857303669095309973e-01 7.639568715449129854e-03 6.066300643750198729e-01
