6.000000000000000000e+01 2.509046969077041069e+02 1.031637187862255018e+02 4.666754576539099020e+01 1.348663912185310210e+02 3.593163829766542676e+02 4.514736195197950885e-01 4.339379679396537237e-01 1.145884125405511877e-01
6.100000000000000000e+01 2.612429618673810410e+02 1.152191133479713585e+02 1.939666022823686831e+01 2.153668084970873338e+02 3.454011550994076174e+01 4.324393075462656943e-01 4.082563869071476614e-01 1.593043055465865887e-01
6.200000000000000000e+01 1.857520189224213425e+02 4.125085016742099242e+02 5.066708019539481711e+01 1.917823444651764078e+02 2.324743982222724981e+01 4.475774593759208053e-01 1.004672744471095669e-01 4.519552661769696833e-01
6.300000000000000000e+01 2.580461768575115684e+02 3.233193678133976050e+02 8.852811077104861681e+01 1.284652075869717578e+02 2.813865880355740501e+01 7.025274180609143437e-01 9.416475188864359414e-02 2.033078300504420621e-01
6.400000000000000000e+01 1.511861212494318636e+02 3.160351034326633339e+02 7.071756452402570403e+01 3.732075987196748770e+02 3.253885014212184501e+01 2.663218107054262096e-01 1.544415774251364781e-01 5.792366118694373123e-01
6.500000000000000000e+01 1.729898755748630776e+02 3.835971797660415632e+02 8.252804931244489239e+01 5.381115091572789311e+01 1.600564613141813197e+01 2.110933038017562269e-01 6.190500075522042955e-02 7.270016954430233991e-01
6.600000000000000000e+01 1.882014667820357090e+02 3.245774407860021711e+02 6.918525528693614035e+01 2.960385689379613154e+02 1.360930281731702962e+01 3.642490980201190665e-02 2.602042688852550523e-01 7.033708213127329856e-01
6.700000000000000000e+01 2.390070824589291476e+02 8.437648177242209613e+00 7.213529569398556873e+01 2.054105580165291371e+02 1.374118883419845361e+01 3.901830009907358843e-02 5.132391454282980714e-01 4.477425544726283402e-01
6.800000000000000000e+01 2.245310844135195225e+02 1.562711781684774337e+02 3.572002244695909923e+01 1.251157864199589511e+02 1.141823594740509407e+01 6.037383648979588457e-02 3.569448220032910291e-01 5.826813415069130864e-01
6.900000000000000000e+01 3.080236822309499871e+02 1.683135649450647122e+02 2.235686966347409665e+01 3.039047425489067109e+02 8.810248673864606417e+00 1.851555473027767795e-01 4.752469760870076665e-01 3.395974766102155540e-01
7.000000000000000000e+01 2.536683127355517513e+02 2.999222863567113677e+02 5.452508776521538181e+01 2.265601110758814229e+02 8.887832640483850355e+00 2.764083610680665992e-01 2.101857791739883408e-01 5.134058597579450600e-01
7.100000000000000000e+01 3.858038832477092228e+02 4.520699463741726731e+02 7.518006389070771434e+01 1.505656166439639208e+02 8.628082665108848914e+00 4.273626524678451610e-01 3.449383279157074988e-01 2.276990196164473401e-01
7.200000000000000000e+01 2.695559265880795579e+02 2.531560362690166812e+02 3.955119766820487115e+01 3.849959307479866197e+02 8.949796759296106075e+00 1.629078482417498641e-01 3.553897024108749747e-01 4.817024493473751612e-01
7.300000000000000000e+01 3.820647227132092212e+02 2.378248155078534012e+02 7.128347133587078588e+01 2.160323893676450950e+02 1.335501823212251793e+01 4.211371219469116634e-01 3.176979638986462406e-01 2.611649141544420960e-01
7.400000000000000000e+01 3.527337153866130279e+02 2.383017818293565142e+02 6.520737734309243194e+00 2.419941342171417489e+02 4.879533245841628286e+00 3.147281133026447741e-01 3.164719864029250096e-01 3.687999002944302163e-01
7.500000000000000000e+01 3.694601313320449663e+02 2.475909749593273830e+02 9.282971326710094218e+01 3.039033018035663076e+02 4.729174564957673965e+00 5.746680219789408461e-01 8.239470057366587996e-02 3.429372774473933294e-01
7.600000000000000000e+01 3.450616124436723453e+02 9.740970108668810212e+01 7.879478534957937086e+01 1.749396264722952310e+02 4.716494663051804537e+00 4.859903575207946691e-01 1.133688249284167671e-01 4.006408175507885083e-01
7.700000000000000000e+01 3.212483857052112626e+02 3.358834434036875791e+02 4.416137108340554818e+01 2.604988368685698674e+02 4.916614445029949820e+00 3.948970312890931478e-03 5.269349186995865297e-01 4.691161109875225943e-01
7.800000000000000000e+01 3.679440679695139806e+02 3.156944090617350867e+02 1.432625668623046522e+01 1.320680789084501612e+02 4.912412195792427383e+00 2.027610276876256057e-01 4.252663986922503025e-01 3.719725736201240363e-01
7.900000000000000000e+01 3.248017086143083247e+02 2.606023413594979274e+02 2.809069221602762667e+01 4.537104019870136540e+02 5.096755121804676492e+00 6.536722344123868655e-02 4.473697360182990468e-01 4.872630405404623222e-01
8.000000000000000000e+01 3.042872663889312435e+02 2.542689994729666410e+02 2.343187285266547448e+01 2.074741703599131881e+02 5.104605013763460875e+00 3.293091781294893439e-01 1.112631060255403481e-01 5.594277158449703080e-01
8.100000000000000000e+01 2.725604994146389117e+02 3.987825772471143182e+02 1.980621340714341727e+01 2.025310416144916985e+02 5.293869374237885950e+00 6.918796559036433091e-02 2.212166029574152981e-01 7.095954314522203710e-01
8.200000000000000000e+01 2.962504004928491668e+02 4.541309969994506446e+02 5.369295212336810152e+01 9.797647173731726866e+01 5.681767224756612222e+00 3.716489658004572538e-01 1.125447542733737372e-02 6.170965587722053725e-01
8.300000000000000000e+01 2.846262754183488823e+02 5.369269005594259170e+01 3.457216956208272762e+01 2.087677613442962183e+02 5.726682552799701398e+00 2.181617015793002046e-01 9.515401826922587070e-02 6.866842801514738692e-01
8.400000000000000000e+01 3.002662500125075553e+02 3.909232881128744452e+02 5.915803635844518737e+01 7.279100313527521848e+01 5.776485548678010673e+00 2.696370885228820402e-01 1.097204739233628157e-01 6.206424375537551441e-01
8.500000000000000000e+01 3.867805636722122813e+02 6.598856542699064676e+01 4.313461627997259029e+01 2.263507429191539018e+02 5.781009497104435013e+00 5.376770498060827741e-01 8.174957098834240155e-02 3.805733792055747688e-01
8.600000000000000000e+01 2.906511970745157782e+02 1.395299367480753006e+02 6.321594417115806408e+01 1.770146845233379054e+02 5.982305473592134604e+00 2.849115158558473970e-02 2.791736457823832951e-01 6.923352026320319652e-01
8.700000000000000000e+01 2.749080155677088442e+02 4.712233245167794280e+02 2.836096527776560094e+01 3.650370018954719171e+02 5.932089303029016492e+00 3.351827056556538897e-02 1.689828655702127480e-01 7.974988638642218630e-01
8.800000000000000000e+01 3.088066068926105459e+02 4.320418821048932045e+02 5.514297139407786830e+01 3.344002952737362193e+02 6.032136491987870386e+00 9.587011115521559823e-02 2.604205877988478579e-01 6.437093010459364884e-01
8.900000000000000000e+01 2.646008947302526622e+02 1.966142394190994764e+02 7.176019745702427599e+01 3.586308313144834869e+02 6.165498744353300253e+00 9.801110973749732613e-02 1.088929831891843891e-02 8.910995919435842350e-01
9.000000000000000000e+01 3.017283854752690786e+02 2.812308672568193515e+02 5.740584752953605374e+01 2.621991455914926519e+02 6.254842217182186914e+00 1.540003513742911334e-01 1.504837691211843298e-01 6.955158795045245368e-01
9.100000000000000000e+01 3.110383579678870092e+02 2.035250594639767314e+02 1.055686596656867948e+01 4.176088021084614184e+02 6.321277999754443044e+00 1.250854181809936128e-01 2.102075195839883670e-01 6.647070622350179647e-01
9.200000000000000000e+01 3.848605739169150866e+02 4.541498787770093486e+02 3.976396049905109464e+01 1.445617420225495380e+02 6.386230347105879446e+00 3.461072554317953798e-01 2.124164290495280660e-01 4.414763155186764987e-01
9.300000000000000000e+01 2.708805151056056957e+02 1.904043793261683675e+02 3.386598694016422684e+01 3.824047426115021722e+02 6.410544546451689030e+00 6.151278640062951553e-02 3.676225915413772194e-02 9.017249544452328180e-01
9.400000000000000000e+01 3.918845714519027297e+02 1.140433081487220477e+02 4.992235308945539884e+01 7.836191871635489292e+01 6.485583895230433882e+00 3.368124628903527151e-01 2.237266009383427900e-01 4.394609361713044393e-01
9.500000000000000000e+01 3.115093055088300389e+02 2.810428412595111354e+02 1.589624486320211361e+01 3.493561445041281104e+02 6.667777858610207886e+00 2.514824135123895910e-01 4.169069605964625946e-02 7.068268904279642051e-01
9.600000000000000000e+01 3.199675036430947443e+02 1.865435355450195516e+02 1.555662382540743494e+01 3.463490710452955454e+02 6.669257292356576272e+00 2.993298488863042062e-01 2.169375373597315360e-02 6.789763973777226402e-01
9.700000000000000000e+01 3.255281669171314434e+02 3.794437254621506099e+02 4.969354972214267008e+01 1.170939181733418764e+02 6.677966905495196670e+00 2.909372992875092212e-01 5.027335591637460688e-02 6.587893447961161719e-01
9.800000000000000000e+01 3.905820895719369901e+02 7.752443525523884205e+01 4.927865817760673650e+01 2.802435123285126224e+02 6.589259680544699904e+00 1.316287236967822460e-02 5.257489053857299366e-01 4.610882222445917833e-01
9.900000000000000000e+01 3.621892896392286616e+02 3.942779447139550939e+02 4.404459938618165893e+01 3.056038091582931884e+02 6.581935258637429342e+00 4.881908248192523558e-02 4.050413775472572198e-01 5.461395399708175447e-01
1.000000000000000000e+02 3.258099239773148952e+02 4.715558673258694853e+02 2.470223227323019799e+01 3.710932913668099786e+02 6.527420462314466931e+00 1.788762277323592276e-01 1.365612994217789145e-01 6.845624728458619135e-01
1.010000000000000000e+02 3.780930920669014768e+02 1.679980183600175394e+02 3.109553393988309367e+01 1.258670028280202189e+02 6.470436750507104762e+00 2.207504440014911307e-01 2.626687551296453815e-01 5.165808008688634878e-01
1.020000000000000000e+02 3.547185250009525816e+02 1.579372594277117514e+02 4.585878889178960804e+01 2.052955431535324351e+02 6.555469907101183047e+00 2.787519904222139910e-01 1.271339079578048814e-01 5.941141016199811276e-01
1.030000000000000000e+02 3.366131444081806876e+02 3.504064027306624780e+02 6.275668857674937584e+01 3.952564666566757978e+02 6.545555203784402920e+00 3.183802253987454423e-01 1.376998806741258630e-02 6.678497865338419714e-01
1.040000000000000000e+02 3.986442597494855136e+02 2.295728616765049424e+02 6.120236654904185514e+01 4.738776737644319041e+02 6.763636986346568847e+00 4.182341366109500469e-01 9.545133124787358314e-02 4.863145321411763700e-01
1.050000000000000000e+02 3.344551744892870602e+02 3.695059650407257550e+02 6.831364863514629349e+01 2.029800980239538717e+02 6.584263965280712227e+00 1.747993242630576094e-01 1.300068467970875163e-01 6.951938289398549298e-01
1.060000000000000000e+02 3.473839016560118580e+02 2.725368432670344419e+02 4.940814277851279002e+01 3.523674174427790717e+02 6.526634650234711899e+00 2.053867128804636177e-01 1.404689609450361920e-01 6.541443261745001347e-01
1.070000000000000000e+02 3.317573451226978705e+02 1.747688264737548707e+02 4.675767095092350445e+01 4.108022366035234541e+02 6.560250157581066333e+00 1.064263354901423542e-02 2.624630052986212103e-01 7.268943611523646098e-01
1.080000000000000000e+02 3.573634318697085064e+02 2.334552000402744625e+02 6.478118751382930895e+01 1.511411784320988829e+02 6.716746956688098180e+00 1.199950700295663863e-01 2.478887698820456675e-01 6.321161600883880016e-01
1.090000000000000000e+02 3.593225281754365596e+02 5.104627847708604804e+01 5.111399374611143287e+01 2.650324038154363393e+02 6.651966364080692529e+00 3.323350083307114455e-01 3.427970133136259978e-02 6.333852903379260102e-01
1.100000000000000000e+02 3.655237522091765641e+02 1.604072160847555892e+02 8.591771823725579793e+01 2.891741072944387270e+02 6.726398906337323069e+00 2.175541743467873657e-01 1.668743185258264594e-01 6.155715071273861749e-01
1.110000000000000000e+02 3.743611755640226875e+02 2.978077248806136481e+02 7.100465895700942554e+01 3.560358345088179135e+02 6.706776373258350077e+00 3.181574865578289946e-01 8.589284836929556022e-02 5.959496650728755007e-01
1.120000000000000000e+02 3.989626303560228280e+02 8.181909243179251234e+01 6.520847871286029829e+01 2.389583963427903939e+02 6.870431209744964463e+00 2.882671488547037808e-01 1.774428074379247322e-01 5.342900437073714315e-01
1.130000000000000000e+02 3.056363315328999306e+02 1.176383860912717410e+02 8.168525724270867272e+01 1.560705715646843146e+02 6.916073606176439625e+00 2.785521391783835066e-02 5.334289977049000431e-02 9.188018863116715895e-01
1.140000000000000000e+02 3.125719384100227671e+02 1.854531113720076974e+02 1.363196025551336987e+01 1.802173252349709287e+02 6.986394687593474373e+00 3.070294774150400530e-02 8.353973794523217311e-02 8.857573143132637661e-01
1.150000000000000000e+02 3.717364922369803253e+02 2.288064254115992640e+02 5.611623810493607323e+01 1.385245734059862457e+02 7.122978842871958705e+00 1.933827521394789750e-01 1.760000448921091865e-01 6.306172029684118385e-01
1.160000000000000000e+02 3.352551982829658073e+02 2.369703534161027392e+02 9.480516158656428161e+00 4.148901475872196443e+02 7.266116874367753553e+00 7.343145976797760266e-02 1.444410393768306711e-01 7.821275008551917818e-01
1.170000000000000000e+02 3.603332264391987678e+02 2.481215990823400830e+02 3.356920768333947791e+01 2.189410883266234578e+02 7.549832078878637276e+00 1.788518284576889883e-01 1.347053223628194019e-01 6.864428491794916098e-01
1.180000000000000000e+02 3.994340200538065915e+02 2.610878155400040441e+02 3.835635728837537073e+01 2.061937146542565529e+02 8.076598063658337878e+00 2.659851287318344970e-01 1.712215823569457340e-01 5.627932889112197135e-01
1.190000000000000000e+02 3.111200538772132518e+02 4.618873020426432277e+02 2.573406612186514053e+01 2.199729680689074485e+02 8.231725072298786472e+00 2.359235342436127869e-02 4.269325378793442649e-02 9.337143927877042948e-01
1.200000000000000000e+02 3.672528156529892271e+02 4.611712288565436211e+02 2.447381012873139028e+01 4.628400880508838782e+02 8.116199892496382517e+00 1.948178024332941627e-01 1.245548465036886432e-01 6.806273510630171941e-01
1.210000000000000000e+02 3.649130293380327430e+02 4.528576918896867483e+02 2.262616959868961075e+01 4.991691724279530717e+02 7.895326933771713129e+00 1.412407985456316517e-01 1.613402616666602674e-01 6.974189397877080809e-01
1.220000000000000000e+02 3.405356403919379886e+02 8.311473739585852627e+01 3.389818041358057599e+01 1.569926869240557608e+02 7.865543137300988974e+00 1.535758224939113292e-01 3.339515363579592666e-02 8.130290238702927441e-01
1.230000000000000000e+02 3.386055762696670399e+02 3.903009719954183083e+02 5.718996458825807139e+01 4.247522965074912236e+02 7.834261424874057411e+00 3.898583477595840563e-02 1.324916798586042166e-01 8.285224853654373778e-01
1.240000000000000000e+02 3.466543735721004396e+02 3.568672330510921142e+01 9.441545076602309905e+00 3.710837873016839126e+02 7.750600067276394611e+00 2.998428484383680592e-02 1.711990101104128303e-01 7.988167050457504192e-01
1.250000000000000000e+02 3.730214218938091335e+02 2.916517480572378531e+02 3.507768762637832083e+01 3.598739133815147966e+02 7.716905086866916008e+00 2.555717095163303476e-01 4.972465449739893462e-02 6.947036359862707178e-01
1.260000000000000000e+02 3.750840592917343201e+02 1.663927578912172578e+02 4.936108232923411521e+01 3.139808417914816800e+02 7.711132307033921052e+00 2.929792823541129687e-01 1.071735740213469734e-02 6.963033602437522784e-01
1.270000000000000000e+02 3.632194656374793453e+02 3.953103356804124928e+02 4.333235484441927099e+01 1.329605528104022198e+02 7.816344729828131221e+00 8.720287543852256462e-02 1.663371974694870525e-01 7.464599270919903828e-01
