8796130096253
8796121802658
8796106920295
8796126150591
8796125049718
8796100945734
8796101590843
8796108387106
8796101856502
8796090952178
6258142728485
8796098960746
8796117229538
8796103866082
8796127254690
8796105535994
6258069979654
6258076529970
8796098962276
8796097907255
8796135000025
8796100858260
8796121538739
8796106478707
8796101280883
8796127855321
8796097445038
8796102179945
8796121857347
8796125224052
8796128777426
8796119798376
8796095789278
8796126076929
6258075464916
8796116862987
8796098454849
8796110666325
8796111558718
8796095901051
8796096118402
8796110161703
8796120048128
8796096336396
8796115893759
8796119015533
8796103261087
8796099371792
8796120764050
8796097342297
8796124332609
8796116012207
8796114388946
8796120812601
8796104984373
8796115562174
8796100489147
8796105072827
8796132942289
8796107056002
8796132985221
8796112884250
8796096079343
8796113870308
8796099039255
8796104091132
8796100229183
8796100479628
8796115064543
8796090659611
8796111140245
8796093698347
8796138579705
8796094461823
8796136956984
8796098433523
8796118343032
8796096617445
8796120767747
8796121655584
8796122558195
8796134879733
8796096344021
8796096594544
8796127334048
8796107040348
8796094736249
8796123118994
8796106116192
8796109980334
8796118434765
8796111371811
8796114300260
8796094064048
8796110416907
8796095994558
8796120661183
8796097639621
8796121163561
8796128143980
8796096447028
8796109645488
8796135440600
8796117724105
8796099840078
6258077352126
8796120126540
8796095500945
8796102613338
8796108666816
8796115522894
8796100412324
8796100787375
8796096327175
8796108500471
8796104585247
8796130116822
8796103491048
8796096358926
8796109275911
8796095003829
8796122412856
8796130066648
6258070043620
8796095499059
8796111392935
8796102572893
8796104511601
8796101065010
8796101051985
8796102409898
6258074480195
8796093533791
8796115852029
8796103025899
8796108997249
8796130088146
8796106879070
8796100347584
8796102579860
8796113322208
8796127498645
8796094733959
8796116344878
8796097208388
8796129179904
8796122215761
8796090350237
8796106113448
8796100884105
8796105399333
8796135615476
8796116091918
8796137011804
8796101687589
8796107758262
8796095000606
8796097992087
6258073705267
8796121658652
8796126088747
8796118826245
6258064591036
8796098052425
8796103062407
8796096986561
8796109627750
8796096340146
8796099068911
8796115297736
8796121949717
8796122397739
8796103932871
8796102794517
8796101295968
8796114644138
8796100847615
8796099284844
8796106525843
8796107719468
8796096000097
8796110111008
8796115923615
8796110189465
8796096631465
8796114949805
8796098112994
8796092206236
8796122481039
8796108008819
8796094968655
8796108948108
8796099418694
8796118744011
8796121997174
8796099345821
8796102466793
8796099579631
8796104290898
8796102070711
8796110738813
8796105820468
8796106196420
8796135275093
8796117996410
8796092890791
8796096522098
8796106183950
8796098371862
8796102036997
8796115544445
8796094781604
8796101053715
8796104967486
8796100725277
8796097909140
8796107451103
8796100499926
8796099123154
8796135603055
8796109339716
8796102350917
8796103609604
8796103691913
8796096387637
8796112114907
8796099220696
8796104114668
8796108599041
8796099909379
8796092857743
8796094029676
8796134915119
8796117295449
8796102481432
8796136436839
8796103849293
8796096666105
8796122517278
8796097979952
8796122077688
8796092881844
8796121630657
8796135314797
8796105308199
8796130871351
8796123947709
8796100917493
8796113762556
8796123362745
8796094881845
8796091890278
8796115862619
8796096135751
8796107689765
8796097574270
8796130585672
8796114954191
8796139843992
8796135556283
8796092933191
8796113499794
8796122143471
8796094556531
8796099919252
8796114696495
8796122554195
8796103534443
8796090949520
8796121948398
8796122206603
8796105579051
8796094224503
8796121210905
8796092929757
8796102365061
8796091151330
8796102235951
8796109985781
6258070494534
8796100227058
8796105097782
8796102003126
8796125824434
8796115942223
8796136266786
8796103029936
8796107856266
8796131949707
8796090779439
8796096226069
8796115846327
8796105831371
8796114749949
8796133897964
8796099345299
8796128786337
8796127849115
8796099720581
8796119597348
6258095548968
8796093104261
8796099954233
8796117494381
8796132331816
8796096580098
8796105276651
8796098626343
8796108737905
8796110343383
6258130181040
8796098457453
8796115340687
8796120354728
8796095791007
8796089678256
6258068363893
8796095400472
8796135479328
8796112729233
8796098523836
8796098231552
8796100543113
8796099060976
8796097396577
8796104926408
8796128387205
8796107797440
8796101355794
8796109480781
8796094185348
8796099919556
8796103145797
8796095978027
8796134398173
8796118176654
8796091415172
8796130196705
8796097818308
8796115485523
8796130902126
8796099979900
8796119530007
8796105117083
8796102212512
8796121454807
8796099470074
8796097008484
8796097286288
6258142756733
8796126649290
6258064774390
8796120287717
8796103723010
8796113524932
8796123028925
6258070484752
8796098417955
8796127985797
8796108472984
8796133645896
8796128627156
8796096040771
8796109064544
8796099631390
8796098462698
8796096864221
8796108416323
8796091446790
8796089542107
8796121131353
8796093724436
8796108343279
8796108010313
8796116301134
6258062857958
8796098243701
8796111086447
8796111277981
8796132203381
8796110316585
8796106662340
8796136890511
6258073832226
8796112968001
8796091276352
8796095356484
8796122922852
8796095790118
8796106333890
6258062803853
8796099897163
8796114519098
8796096368934
8796127894283
8796100531354
8796110330291
8796096467084
8796112350120
8796113083795
8796104784715
8796100821711
8796108556872
8796096915983
8796095791421
8796114977129
8796116311285
8796118885830
8796129984446
8796104763751
8796101857784
8796098544603
8796111355511
8796117325555
8796099746053
8796129255903
8796097298768
6258129944089
8796119516679
8796118579063
8796123821898
8796101892755
8796122335862
8796097885309
8796095889363
8796115245520
8796133885953
8796134103493
8796106223952
8796106430053
8796096830086
8796140096786
8796097019040
8796135269096
8796122998059
8796128433564
8796107005955
8796121460377
8796104250914
8796114373714
8796118023756
8796096638657
8796102457710
8796094319994
8796114784099
6258061778507
8796113841192
8796102460208
8796098195408
8796090622013
6258068026950
8796135638036
8796091466810
8796137753996
8796089711929
8796091269924
8796129252053
8796121944007
8796130481457
6258096194048
8796106432442
8796096078978
8796138911620
8796119874380
8796119944044
8796111374592
8796095067192
8796136499877
8796112102363
8796116577149
8796108590030
8796095084851
8796094662521
8796119367835
6258140856531
8796123954865
8796103380264
8796128793634
8796121691343
8796099033759
8796094673914
8796112598286
8796128702704
8796110545180
8796103561701
8796135397584
8796120450749
8796116221649
8796102812864
8796126635553
8796108446876
8796099400565
8796112437882
8796090222000
8796121424857
8796093908994
8796102944997
6258076074529
8796111351693
8796103965404
8796092580360
8796120894454
8796089755675
8796105204062
8796096550956
8796126059073
8796115266335
8796098737997
8796137470807
8796111965331
8796096583295
8796112004468
8796113341793
6258095549518
8796133130347
8796124031187
8796098186385
8796092745589
8796089706650
8796114926759
8796120497036
8796121161901
8796094130880
8796098889960
8796120295601
8796131289341
8796090450572
8796104907894
8796113105040
8796139308938
8796097201709
8796095515872
8796104183877
8796104455127
6258061171270
8796117140199
8796118000228
8796107557100
8796117046662
8796105462150
8796112491457
6258130089702
8796099434073
8796139270565
8796122529644
8796136438856
8796127753807
8796119125616
8796123422824
8796095599975
8796095044101
8796095829917
8796109360851
8796109727153
8796121363559
8796095879521
8796109467647
8796106465568
8796100234571
8796120821547
8796111252299
8796098693333
8796093773111
8796133448301
8796095412951
8796123124856
8796099373072
8796121549359
8796098665438
8796118300254
8796128969712
8796102994964
8796097566808
8796131929238
8796095065426
8796123607634
8796096018997
8796103846285
6258070356108
8796109576360
8796097031194
8796122070068
8796104581845
8796103373987
8796123022095
8796102167156
8796128236613
8796132155791
6258074418783
8796123026600
8796102178441
8796101262777
8796090352705
8796097693806
8796108975855
8796107388524
8796117890823
8796115154237
8796099017410
8796094572161
8796118947882
8796122911135
6258130299214
8796113839623
8796090335850
8796124164491
8796125880203
8796090410936
8796100297673
8796117083618
8796096365296
8796093759178
8796123113700
8796099079619
8796095104254
6258072570663
8796096439522
8796106588175
8796118596539
8796099627954
6258077150921
8796121008063
8796096490147
8796124659630
8796110794630
8796093947188
8796096727265
8796119023736
8796112727827
8796100828056
8796102459482
8796090968246
8796120130070
8796133423317
8796101455370
8796119904132
8796096290437
8796108993081
8796131632247
8796091445925
8796105407533
8796123851214
8796115347087
8796097074110
8796091592467
8796120553820
8796100584417
8796134407315
8796101175738
8796102007258
8796134960559
8796104580811
8796107791943
8796108269146
8796119566891
8796111963451
8796098085327
8796107594483
8796130923294
8796117605448
8796117872804
8796121844720
8796113195819
8796098687992
6258076806151
8796107415395
8796114205399
8796112718868
8796116574708
8796091827586
8796130722173
8796136442026
8796115143925
8796126492532
8796102033723
8796095425002
8796125595783
8796110420177
8796099311454
6258142961074
8796114540825
8796112286973
8796136935624
8796137606766
8796112582354
8796130511583
8796116869239
8796109679997
8796098393515
8796103881395
8796104806773
8796105393443
8796116220660
8796095944588
8796089515024
8796117927655
8796122609560
8796109735890
8796119520812
8796126280883
8796101415699
8796098415184
8796100258771
6258142079088
8796099744967
8796133329658
8796110410782
6258077315331
6258128420077
8796124900394
8796093756082
8796136473163
8796098691557
8796110136306
8796131405794
8796113114407
8796104128258
8796127019037
8796105144588
8796108306249
8796096340150
8796102282337
8796093630317
8796125316890
8796120367615
8796092940739
8796109606213
8796118347722
8796109808632
8796106522289
8796100752276
8796111715692
8796128215814
8796098320792
8796118634162
8796100687666
8796108946843
6258095569436
8796101666446
8796123329557
8796114600108
8796116755156
8796138394528
8796091875325
8796090367555
8796141073374
8796093373096
8796118316114
8796112656765
8796123055914
8796104677628
8796113158855
8796109399692
6258141807928
8796095639583
8796133077860
6258073892754
8796103695516
8796093534127
8796105161947
8796095162298
8796115960282
6258064592032
8796112382120
8796119274423
8796100883655
6258070522681
8796101971774
8796114763793
8796095234977
8796105038213
8796106466857
8796092498475
6258093003700
8796127846759
8796123907823
8796128693529
8796118913761
8796124646196
8796100008625
8796091056890
8796108758729
8796119328418
8796109135478
8796109989507
8796094651783
8796113160206
8796095181219
8796105264755
8796100355939
8796105493944
6258065666846
8796109356901
8796115167106
8796122578665
8796123838769
8796095847669
8796101262613
8796096609825
8796104473760
8796107132963
8796100241787
8796102542053
8796096541678
8796118342550
8796097290642
8796118544963
8796108814925
6258142826535
8796125148347
8796096142133
8796108763809
8796097372155
8796102230977
8796118896894
6258062724983
8796103992793
8796104082278
8796096131946
8796129303543
8796116443689
8796123296553
8796098523824
8796097638305
8796137847365
8796120140775
8796101899709
8796115036378
8796095283459
8796125352586
8796102142595
8796119031961
8796101660816
8796115699128
8796133176640
8796116919660
8796102197841
6258141779806
8796119164036
8796102863041
8796116530969
8796116072989
8796095645597
8796123754743
8796114379376
8796092876290
8796113867379
8796097574106
8796124933269
8796126212644
8796096663358
8796116095361
8796120138994
8796124507008
8796131441683
8796109169206
8796121675378
8796133992014
8796095224323
8796090087662
8796102699491
8796102647016
8796098797458
8796122511338
8796121415592
8796138964340
6258095855914
8796104812531
8796096293542
8796119608303
8796129280475
8796094880554
8796095058130
8796112494121
8796110604824
8796112859043
8796123067396
8796097167377
8796135466757
8796112830726
8796095026629
8796119195065
8796112407982
8796120740562
8796101288241
8796113067877
8796119314291
6258074422744
8796107817582
6258140723449
8796103941617
8796120545555
8796121127679
8796098051954
8796135730850
8796115080923
6258142506981
8796121260264
8796111610156
8796127589161
8796110870654
8796114236412
8796125619777
8796093493978
8796091335141
8796103022083
8796102993684
8796124267030
8796122994454
8796121345420
6258071394520
8796120642828
8796128301589
8796101640115
8796096036140
8796104456537
8796121867238
8796098142595
8796113292294
8796098392483
8796123875264
8796098972916
8796094968893
8796114663411
8796106691060
8796103844969
8796109021057
8796118528114
8796102670784
8796136232516
8796098976758
8796126714357
8796135698314
8796096563989
8796107939992
8796132713700
8796117574673
8796123851216
8796127193390
8796124937120
8796119256207
8796099810920
8796092991121
8796100538432
8796123109663
8796104656092
8796130510897
6258075934558
6258142971873
8796094274508
8796099206204
8796110612559
8796125887880
8796118819120
8796099953354
8796118672012
6258077034742
8796117372322
8796124464875
8796109572742
8796096862344
8796095725516
8796090139679
8796108074625
8796114229963
8796090384413
6258062363358
8796090218964
8796120183558
6258062811648
8796119699782
6258063937265
8796132420397
8796110390638
8796105649306
8796119327158
8796109511715
8796119893433
8796120275787
8796100648136
8796114248507
8796123415423
8796123306939
8796127281394
8796118891648
8796136446713
8796116585292
8796127502423
8796122208312
8796108344825
8796128280506
8796092971152
6258062708840
8796125691666
8796096905250
6258066004415
8796096370247
8796117073485
8796100866734
6258068082069
8796113181600
6258077197597
6258129974496
8796116115566
8796096438659
8796090558203
6258062858022
8796110106547
8796134335690
8796098136680
8796110903233
8796109047336
8796138720779
8796126028818
8796123794476
8796122328583
8796089652143
6258142600419
8796122239878
8796096853510
8796103645106
8796125426360
6258141839310
8796139351156
8796095787673
8796135013443
8796103025232
8796101223958
8796105634483
8796098379223
8796095532531
8796120927672
8796096866501
8796098749955
8796090459712
8796135460377
8796097997383
8796113594623
8796099281159
8796122785386
6258064977077
8796124450932
8796117521112
8796121973643
8796126599962
8796095537505
6258066859090
8796123206127
8796121151417
8796089633217
8796123296070
8796120971514
8796096673715
6258063063137
6258129911443
8796130936718
8796093425161
6258068083825
8796111797140
8796131693765
8796131026403
8796122710900
8796092447362
8796105136683
8796128572761
8796093087954
8796101535954
8796095102283
8796099691229
8796098104281
8796097389220
8796112513543
8796129763953
8796123721336
8796122229427
6258070508636
6258064614144
8796097663732
8796101202366
8796094959862
6258073264320
8796133394191
8796098669179
8796122674670
8796102422516
8796117403130
8796110264390
8796096963388
6258093954045
8796122897740
8796119313025
6258094081732
8796091268826
8796108712380
8796128081324
8796120204691
8796107987058
8796099276883
6258063342529
8796124984586
8796124276848
8796135037019
8796100589372
8796121664352
8796121739643
8796130026713
8796096229188
8796119540345
8796104248206
8796099984049
8796118038950
8796097770778
6258060991335
6258067064105
8796101827142
8796127696893
8796119948394
8796112875837
8796096641301
8796113236954
8796125887885
8796123456446
8796124475231
8796131905392
8796108550538
8796094637256
8796120512648
8796119262777
8796136275817
6258093920912
8796118596529
6258141668681
8796099238803
8796122195912
8796111157096
8796094274795
8796090026012
8796099985638
6258069394931
8796123329209
8796096258964
8796113991668
8796104206377
8796093805011
8796097998812
8796125954508
8796099644359
8796118198798
8796095861392
8796129612132
8796133688219
8796127404154
8796090833920
8796137011799
8796097224175
8796109570688
8796140093205
8796091759266
8796122153238
8796100222304
8796119127837
8796095787255
6258062856334
8796115765480
8796102690117
8796090630635
8796095473593
6258062471414
8796100950685
6258063153748
8796095364347
8796093185167
8796092400172
8796125539579
8796129753369
8796126098561
8796135748656
8796101118449
8796097367095
8796112547943
6258073382751
8796121104807
8796126814115
8796095784365
8796095807813
8796136079739
8796094377495
8796125773545
8796093816944
8796114893265
8796124662972
8796122433131
8796102988842
8796100987844
8796116356205
8796133315576
8796096755516
8796107329359
8796104482803
8796120606279
8796103162191
8796123149109
8796094753032
8796101699688
8796106182233
8796099356936
8796096446039
8796096775016
8796123568725
8796106231424
8796113291012
8796111992584
6258062927723
8796111900625
8796137236787
8796121261604
8796106712331
6258128061735
8796126254048
8796136920251
8796103957994
8796091542297
8796094428236
8796136888755
8796135293432
8796103391680
8796114611703
8796131492833
8796093736827
8796114658476
8796124347816
8796106716477
8796119435482
8796115479792
8796130384259
8796125338002
6258073409801
8796122411415
8796094367855
8796099847940
8796123429440
8796131568231
8796103299803
8796124140922
8796136732517
6258142530487
8796120510166
8796095931554
8796105719535
8796095931409
8796111493407
8796124599727
8796127233853
8796107400327
8796130899036
8796101488718
8796133315578
8796119407943
8796099812772
8796090861968
8796106323679
6258093764056
8796098318254
8796124021855
8796117123785
8796106050982
8796098828599
8796126815976
6258077265365
8796139233639
8796115309696
8796130243544
8796136127641
8796114573670
8796114887676
8796095597883
6258061152740
8796108483014
8796095306012
8796122747497
8796097531396
8796099910980
6258062408478
8796116584813
8796121779208
8796103862848
8796096641295
8796094264494
8796126815011
8796107299143
8796118888737
8796096329539
6258095168492
6258073253135
6258077415073
8796113697001
8796129786362
8796114813622
6258128388025
8796132544365
8796121942775
8796100304667
8796107968288
8796096410585
8796142045316
8796121383928
8796137190779
8796128821999
8796093490364
8796138304761
8796121677542
8796137985634
8796112675114
8796097025696
6258130238271
8796102889009
8796127373879
8796134979332
8796124740852
8796095650014
8796122664164
8796094492495
8796092766130
6258062065958
8796098502893
8796101100878
8796136206497
8796109991765
8796096610336
8796118787250
6258060105899
8796123303574
8796092277276
8796124865071
8796123848952
8796124057799
8796094407940
8796107653150
8796116631075
8796102530488
8796103424571
8796095865965
8796115792292
6258061633542
8796098205115
8796100105608
8796100822518
8796119518425
8796120442513
8796115133468
8796126776520
8796120328572
8796094350449
8796123583709
8796105719352
8796122330532
8796099124705
6258065616780
8796108481030
8796101180954
8796133604572
8796092121368
8796131407267
8796095926709
8796093428250
6258093731230
8796121895779
8796095649372
8796104365118
8796115991339
8796110372021
8796116906669
8796115334703
8796113916592
8796119851889
8796127890819
8796104461583
8796103185953
8796095652314
8796120572439
8796120092369
8796103113500
8796102491149
8796102638256
8796096839276
8796130801186
8796109982886
8796096370245
8796122876584
8796095636735
6258109774543
8796116570531
8796123688041
8796121068128
8796097716007
8796133736632
8796110499308
8796107143548
8796099691325
8796113148266
8796118462427
8796094974322
6258128395688
8796097477027
6258071418347
8796107478657
8796092338829
8796108666561
8796131221426
6258065037554
8796104774269
8796119913040
8796121315580
8796092764420
8796121496164
8796132150650
8796106506736
8796114995730
8796097800046
8796113039937
8796127147351
8796095825377
8796122296120
8796119987256
8796099489828
8796125212618
8796099455332
8796137011044
8796118393809
8796093165511
8796103308901
8796113522993
8796092034917
8796093923770
8796095383285
8796131041341
8796139244247
8796091626147
8796095833391
8796099381473
8796113189668
8796131749194
8796112749380
8796119833758
8796109159199
8796097194046
8796138719811
8796099906367
8796133510657
8796139009405
8796111245451
8796111736009
8796113187673
8796123831694
8796099547787
8796095291971
8796138477919
8796092704467
6258094073903
8796123582275
8796096665585
8796135748181
8796131755570
6258063636509
8796098536977
8796104483788
8796118263343
8796123477559
6258141831469
8796109294263
8796120689516
8796093221043
8796099548324
8796113663531
8796111048627
8796123147975
8796090974863
6258065157086
8796112651036
8796120310881
8796120655766
8796108515647
8796115831849
8796126837603
8796117498698
8796119780553
8796103895268
8796123363205
8796103972839
8796121558040
8796105158441
8796102069515
8796096135929
8796106565753
8796126577036
8796095722223
8796102594248
8796118217239
8796117312391
8796095401528
8796094446190
8796097267848
8796121827563
8796102879754
8796122777643
8796133494336
8796113120157
8796112028848
8796116402932
6258095851298
8796100004259
8796123618866
8796123266376
8796101724098
6258075129501
8796096995022
8796106523460
8796091794355
8796123152091
6258077453865
6258129003434
8796104378022
6258063296121
8796097307690
8796096508264
8796114018771
8796123680550
8796119574150
8796109386621
8796096969137
6258095948891
8796103177016
8796124561138
6258067371235
8796116049214
8796124032755
8796115711510
8796109845977
8796098330715
8796095932299
8796096126290
8796103078366
8796126946346
8796116275916
8796120069762
8796097291272
8796095740152
8796131651834
6258093615015
8796090538264
8796120806018
8796101963806
8796115035538
8796123004591
8796130441408
8796105667913
6258064768859
8796110183145
6258064797158
8796098507106
8796101153384
8796134491917
8796107673125
6258057526736
8796095425009
8796122982140
8796117426226
8796104987393
8796119704245
8796109059861
6258093905777
8796099493490
8796121537175
8796091572380
8796106124980
8796108075335
8796126426805
8796123471609
8796097657667
6258061954653
6258062499708
8796093862344
8796129805329
6258073810132
8796104001020
8796119793620
8796119855762
8796118778370
8796105632185
8796113624684
8796134680025
8796115548465
8796096324346
8796117405108
8796115998899
8796097635934
6258093963286
8796127083464
8796109655509
8796101809863
8796124753253
8796096412244
8796130149127
8796100413065
8796125584625
8796104705871
8796114014932
8796132526690
8796123273325
8796103465023
8796114821748
8796121976549
8796100124123
8796096233308
8796110222446
8796130236753
8796096903382
8796103952814
8796111970867
8796120587318
8796099732421
8796102265269
8796096482774
8796138096932
8796124848735
8796102279186
8796122124426
8796128480006
8796106409317
8796110257034
8796092220988
8796126732089
8796106727267
6258073510662
8796108575899
8796116975672
8796099741794
8796090343734
6258064724966
8796091078916
8796102782319
8796119277423
8796092544265
8796101084087
8796090970818
8796097304946
8796101621662
8796104413832
8796100504812
8796140746785
6258142718302
8796122328588
8796102625973
6258068134605
8796095515381
8796132724447
8796114256536
8796104863721
8796119105844
8796116623406
8796094205801
8796090734044
8796115647957
8796094678682
8796118761230
8796110493712
8796097730639
8796110960467
8796092689166
8796125467969
8796122216612
8796139307319
8796117686725
8796104848847
8796100190435
8796099114896
8796113470640
8796091601741
8796109881533
8796094717853
8796111974309
8796102690113
8796101694710
8796105351064
8796108012374
6258067927935
8796128338534
8796104880293
8796134476973
8796095786350
8796108599271
8796095805627
8796117673504
8796130822317
8796129595666
8796119458823
8796098696974
8796115149065
8796103106582
8796113984241
8796100378118
8796093738343
8796125316888
8796095890876
8796116856979
6258075956394
8796094449403
8796115390112
8796112874744
8796134608613
8796115034917
8796121344490
8796109938993
8796107398182
8796099482739
8796122012650
8796091632800
8796119884299
8796114372930
8796104221564
6258067832091
8796096410068
8796091198816
8796113230039
6258063312008
8796092740615
8796128343049
8796131830491
8796099083340
8796096157426
8796096696361
8796098110066
8796123793095
8796124015257
6258140772712
8796122817112
8796126725429
8796127073369
8796101391782
8796133092904
8796100380538
8796110437932
6258141269963
8796106095813
8796116131247
8796096667066
8796097133900
8796127245711
8796105414436
6258063172968
8796091129058
8796124269918
8796116634294
8796099372167
8796091714787
6258070365500
8796096920507
8796094206709
8796100502072
8796108229740
8796112190275
8796139108261
8796126627477
8796131198516
8796092044864
8796097028308
8796115562904
8796111379183
8796134780161
8796131944136
8796104265291
8796109578836
8796094422177
8796097459684
8796097079617
8796095658926
6258142701355
8796096834538
8796121064810
6258068183100
8796128505587
8796096404532
8796091977666
8796099126244
6258128402400
8796096073179
8796124919334
8796105305902
8796105371648
8796121178105
8796118334702
8796113042781
6258064704238
8796118784015
8796104568081
8796136366652
8796122274443
8796108380142
8796128924271
8796118329180
8796120341822
8796096753159
8796107054163
8796095802076
8796129686173
8796101034266
8796133362490
8796125919179
6258077226457
8796123170375
8796119531392
8796140656182
6258095853994
8796111506951
8796096853612
6258064070695
6258057840243
8796109973074
8796101318548
8796106926431
6258076858298
8796095413965
8796111205237
8796128434152
8796125404374
8796128182407
8796134843266
8796099747752
8796094889718
8796105800629
8796120541976
8796126913779
6258142477487
8796098934971
6258077056256
8796119940251
8796107376852
6258070469975
8796100488102
6258068254168
8796103982203
8796093792323
8796129389612
8796095639547
8796093704301
8796117364262
6258067369590
8796098134908
8796102794643
6258069864730
8796134433888
8796103793375
6258067366852
8796120189534
8796093151529
8796114058424
8796095429506
8796099416069
8796096993305
8796126639871
8796107488568
8796141412486
8796124732865
6258095214426
8796137414802
8796112207203
8796096339866
8796098989547
8796108581315
8796121126397
8796134719089
8796108161433
8796134499893
8796116585216
8796099120747
8796122724665
6258095014876
8796095376366
8796090040621
8796102629423
8796115026557
8796096698507
8796114667251
8796125930603
8796103938462
8796103210259
8796104330987
8796107129430
8796101085899
8796119916312
6258067195966
8796095990386
8796106236363
8796114367722
8796095614002
8796120954257
8796096633438
8796124700773
8796091177644
8796106414857
8796097173097
8796094404432
8796092814468
8796096542017
8796105596769
8796107999603
8796098380190
8796105094312
8796115694994
8796120665065
8796114826926
8796098147445
8796118919554
8796105337683
8796097849475
8796093014180
8796133889781
8796113913410
8796117967091
8796095787674
6258074465982
8796104950637
6258141546838
8796124943377
8796120475222
8796110774607
8796095228831
8796097674949
8796097087646
8796096078061
8796099348379
8796095910741
6258062811566
8796105994587
6258073355459
8796102678958
6258130056458
8796092896563
8796095750631
6258129927623
8796093890372
8796097841389
6258061144870
8796121307781
6258061615120
8796098771396
8796091267701
8796095244796
6258140699217
8796119944358
8796130032632
8796120311334
8796109455279
8796133784222
8796104314766
8796107800584
8796118719429
8796128427257
8796122151434
8796093211929
8796108579633
8796123819785
8796097994805
8796132588636
8796122745294
8796109883321
8796122268108
8796138606222
8796100825633
8796123636386
8796117961614
8796098018385
8796101376976
8796096939074
8796107916798
8796112330377
8796107439775
8796126033784
8796122595923
8796114841719
8796109810253
8796109118550
8796115264337
8796109023720
8796094915422
8796097992922
8796122076195
6258095268970
8796130587137
8796124869638
8796092895725
8796116965660
8796132822178
8796097248722
8796111738009
8796103782363
8796099260410
8796117777394
8796095182294
8796094814010
8796110004096
8796099744391
8796121771411
8796095000588
8796113207918
8796116938284
8796112044408
8796127204153
8796108414147
8796116299245
8796119909566
8796096516751
8796100302069
6258074713378
8796129109194
8796092764489
8796137504842
8796092675840
8796094304826
8796091276602
8796121600860
6258067889165
8796118080018
8796114616415
8796136504704
8796130052829
8796113115308
8796096143861
8796100419934
8796124387625
8796102857881
8796097484141
8796135038677
8796113883580
8796096212840
8796107121741
8796104196628
6258142248315
8796102741004
8796115668418
8796095616238
8796127435688
8796095882397
8796115611046
8796103377453
8796113877638
8796122710362
8796121299612
8796127044029
8796092349216
8796097075634
8796122578342
8796124163183
8796119244870
8796096983792
8796096736646
8796123295882
8796099321498
8796112086452
8796122951940
8796097046386
8796096264312
8796125635329
8796122136416
8796132499190
8796123408887
8796126996418
8796137054269
8796121594859
8796127740515
6258077259861
8796117783583
8796094592643
8796128885537
8796136431269
8796093917238
8796095901178
6258070470089
8796115394736
8796118313152
8796102592115
8796110053318
6258128152549
6258142501604
8796094970751
6258070799088
8796121191340
8796092705766
8796111746056
8796102389404
8796100804249
8796111527038
8796096633917
8796129524453
6258058016212
6258070341047
8796113122677
8796124652436
8796098507104
8796122294335
8796120191442
8796121952576
6258142782173
8796104902956
8796091241421
8796090652407
6258065168194
8796117663721
8796102678753
8796098179768
8796119113440
8796107183300
8796089795980
8796093675347
8796099745779
8796097909191
8796095784028
8796097548181
8796116382997
8796130329175
8796096144029
6258070643691
8796114462333
8796118451599
8796090869217
8796099070478
8796121257800
8796113653848
8796109009274
8796112731871
8796139257719
8796110180537
8796111876854
8796131767642
8796101451004
8796130147069
8796132280637
6258093838054
8796097762078
8796119175017
8796121645971
8796107456527
8796090041303
8796117293143
8796112107583
8796098720735
8796119571133
8796105819462
8796113785897
8796122225705
8796122560991
6258141805460
8796112265357
8796098510956
8796119795496
8796105217133
8796097974591
8796094972170
8796094891440
8796096899186
8796106221874
8796116469265
8796135193474
8796099996986
8796101282125
8796110232445
6258064685976
8796118368808
8796089625619
8796117481956
8796098398604
8796120805117
8796107625038
8796100048327
8796093248621
8796101458429
8796091462353
8796096241010
8796090973096
8796109403998
8796133134395
8796103816742
8796092129403
8796121326758
6258070412262
8796109047337
8796127562477
8796100006986
8796112634797
8796114652586
8796100604329
8796103387382
8796095002613
8796095668598
8796096495461
8796120512207
8796117076114
8796096757192
8796102778383
8796137260796
8796125032844
8796089446339
8796097637908
8796109764562
8796096642021
8796106614483
8796120038695
8796104661102
8796123108875
6258094058356
8796095619325
6258070500103
8796118983459
6258070426235
8796104124512
8796107799804
8796129167849
8796102040903
8796100043670
8796129093063
8796120047072
8796099153616
8796092374731
8796117036781
8796106755501
8796098408318
8796099559651
8796139442171
8796089756851
8796131845362
8796092784282
8796109716618
8796090419422
8796095460806
8796117573896
8796133209046
8796123150837
8796096836900
8796104207820
8796096258378
8796124481868
8796131351510
8796092751076
8796092611979
8796116859660
6258067915145
8796128768069
8796099134245
6258062600574
8796117133534
8796118969040
8796110920254
8796127973928
8796108893578
8796120626043
8796127121914
8796097829822
8796107997378
6258095239050
8796094989586
8796095150481
8796128073030
8796097032272
8796123226638
6258062022597
8796094592646
8796118444383
8796132113723
8796123797736
8796097216003
8796117680552
8796091069412
8796102219762
8796115941576
8796119370291
8796125880968
8796127973576
8796134209789
8796097269232
8796091361253
8796132848917
8796097226066
8796123064909
8796123240738
6258142713369
6258142474657
8796121322212
8796105531222
8796101007454
8796114963271
8796097749166
8796123085848
8796095753661
8796118017295
8796118436107
8796094776749
8796106927955
8796129226917
8796097029592
8796126810710
8796109724104
8796095243821
8796131534291
8796105635621
8796126187483
6258142592035
8796095222071
8796113014423
8796105161581
8796105258585
8796123677643
8796098759968
8796097633069
8796117563131
8796141117889
8796123290531
8796101279508
8796130835968
8796093096062
8796100692235
8796120829669
6258070660230
8796119526979
8796124842283
8796095226167
6258067882568
8796093243587
6258141760504
6258064145236
8796098306559
8796111447484
8796097683318
8796100578416
8796130087612
8796110483473
8796099395134
8796097106418
8796097949893
8796111712008
8796113146769
8796122774026
8796123073638
6258096184812
8796108472061
8796121922711
8796093438634
8796095915899
8796095270213
8796115766919
8796113543440
6258067926459
8796135041160
8796124702904
6258074513921
8796096621993
8796122135674
8796131386827
8796093991177
8796096855634
8796120540041
8796106363459
8796122941228
8796095007219
8796092860241
8796113266472
8796138845979
8796136821307
8796096149139
8796110380331
8796137703204
8796094771577
8796120226029
8796135263290
8796103733060
8796102493546
8796123034752
8796123173835
8796090161712
8796103478937
8796137185060
6258143614899
8796101739175
8796098183307
8796097912367
6258069418535
8796097842273
8796123344458
8796101785137
8796127258004
8796105918985
8796093440126
8796102239442
8796134926065
8796121335231
8796134979337
8796096291992
8796100470139
8796126757012
8796126673587
8796119549067
6258070604146
8796117077673
6258143011619
8796108361342
8796116589095
8796111891548
8796116037793
8796091987096
8796097216087
6258076308688
8796123678827
8796094813465
8796121086638
8796095223256
8796092062845
8796106458683
8796095352715
6258071300544
8796139039941
8796094826586
8796129488902
8796125207569
8796111172064
8796103695043
8796126811752
8796122895195
6258095309606
8796096665830
6258070591099
6258061897232
8796109824121
8796116779232
8796093514120
8796123419946
8796090444146
8796101611615
8796095308816
8796097442422
8796108894562
8796123307665
8796095911829
8796126983667
8796095750214
8796096087125
8796118292947
8796129084320
6258095534912
8796118221482
6258142655198
8796109080591
8796100239707
8796117653190
8796095910108
8796119969506
6258096208549
8796116575170
8796095136741
8796125399836
8796108380144
8796131413093
8796122841692
8796098254769
8796120243673
8796122431941
8796129622151
8796128627168
8796101880458
8796111692845
8796113651746
8796132624006
8796097257621
8796119458822
8796121694510
8796094471816
8796123363189
6258071477453
8796095387883
8796099404285
8796109398678
8796116122758
8796136009429
8796119001255
8796118110289
6258062272163
8796101785159
8796103084346
8796106230860
8796127108186
8796107688981
8796113159607
8796121049865
8796107340066
8796132443328
8796137319585
8796117603931
8796128445009
8796119870269
8796119701234
8796136190884
8796099414467
8796119202379
8796096304148
8796089915353
8796107614998
8796108347738
8796108797363
8796104758158
8796133274623
8796125008585
6258142684427
8796113126779
8796111886364
6258142070424
8796122743207
8796125773543
8796135756540
6258061880118
8796123818545
8796136009428
8796096520389
8796089795977
8796117787602
8796097755311
8796122949985
8796126814541
8796135131120
8796111250282
8796100718380
8796123032099
8796099572216
8796096738235
6258093905369
8796100838751
8796128341921
8796112567263
6258062365697
8796101021312
8796096377439
8796123398604
8796123509582
8796120354936
8796095499546
8796117112761
8796121960437
8796096304318
8796116517605
8796094377496
8796130049737
8796093752063
8796113940722
6258069838219
8796114642440
8796104454505
8796123932905
8796098997308
8796116897999
8796120734140
8796130986645
8796131933403
8796117688774
8796133039620
8796105915124
8796118503987
8796120649101
8796095347209
8796133916978
8796136205920
8796121129667
6258131035801
8796106444420
8796101191245
8796105124892
8796109222760
6258063445764
8796090338407
8796133901338
8796114028357
8796120395057
8796126876544
8796133568168
6258130012078
8796127785153
8796097831461
8796096569226
8796119693816
8796097771915
8796122782557
8796116648674
8796134976921
8796098203230
8796095963652
8796096804871
8796121741171
8796103359792
8796121404446
8796119008972
8796099604564
8796136673205
8796120621689
8796137132406
8796130572457
8796095020632
8796126813766
8796119275292
8796099723613
8796125656702
8796123678347
8796121114250
8796136739335
8796127098348
8796104366173
8796102025090
8796109777322
8796124765854
6258095023391
8796095627854
8796135876637
8796111891478
8796105377382
8796118643608
8796091259961
8796094740576
8796091581892
8796095493141
8796122615407
8796119548301
6258076989313
8796139552146
8796108581431
8796117688787
8796095719121
8796116650467
8796095499058
8796107583505
8796099079731
8796089856938
8796123569151
8796122835711
6258061613260
8796099109356
8796096014760
8796104725143
8796095762491
8796119646317
6258129643772
8796098504508
8796137551037
6258062230615
