8796121160050
8796125954508
8796099644359
6258093701490
8796108735704
8796117163880
8796103957994
8796140220370
8796112999822
6258093731230
8796109982886
8796134076092
8796095932358
6258095851298
8796111845707
8796102932230
8796119679255
8796104319205
8796094408351
8796113139321
8796126363661
8796138797585
8796100953670
8796110960467
8796104880293
8796110003781
8796123793095
8796127245711
8796134780161
8796098602092
8796124919334
8796100650762
8796108380142
8796091143354
8796107054163
8796122596710
8796094014237
8796095376366
8796103210259
8796104330987
8796133503326
8796106236363
8796137384244
8796139120001
8796133889781
8796133209051
6258061144870
8796121307781
8796095660677
8796108579633
8796123636386
8796107916798
8796131060126
8796118080018
8796114616415
8796115417241
8796130052829
8796096407951
6258070470089
6258128152549
8796141832061
8796095405524
6258070341047
8796124652436
8796139506315
8796124740914
8796139257719
8796131767642
8796107148181
8796119795496
8796125489634
8796142744372
8796120805117
8796107625038
8796103816742
6258070412262
8796118577626
8796103387382
8796095002613
8796104661102
6258070500103
8796104124512
8796138346608
8796106755501
8796121669364
8796089756851
8796131351510
8796120108877
8796098699064
8796124978520
8796107997378
8796095150481
8796108492497
8796118444383
8796094076739
8796119370291
8796106837428
8796101196562
8796123240738
8796126810710
8796095243821
8796095222071
8796123677643
8796098759968
8796097633069
8796141117889
6258067882568
8796093243587
8796110347367
8796110483473
8796093438634
8796095915899
8796124702904
8796096621993
8796094870706
8796096855634
8796136821307
8796101739175
8796134926065
6258070604146
8796121529952
8796092062845
8796111202459
8796137263305
8796139039941
8796111172064
8796126811752
8796096665830
6258046423625
8796097442422
8796108894562
8796118292947
8796109080591
8796100239707
8796117653190
8796114502998
8796125399836
8796108380144
8796120243673
8796129622151
8796119458822
8796123363189
6258062272163
8796121049865
8796137319585
6258062134790
8796132460821
8796108347738
8796133533680
8796111886364
6258142070424
8796125773543
6258061880118
8796089795977
8796097755311
8796117522303
8796123032099
6258093905369
8796112567263
8796101021312
8796096377439
8796123509582
8796125267613
8796104454505
8796098997308
8796100245314
8796131933403
8796106645598
8796127975592
8796095347209
8796121129667
8796101191245
8796105124892
8796090338407
8796114028357
8796108717148
8796096569226
8796134976921
8796096804871
8796121741171
8796121404446
8796119008972
8796136673205
8796117442486
8796095020632
8796126813766
8796125656702
8796136739335
8796104366173
8796109777322
8796137434306
6258095023391
8796091259961
8796091581892
8796095493141
8796122615407
8796119548301
8796139552146
8796108581431
8796117688787
8796095719121
8796095499058
8796099079731
8796089856938
8796123569151
8796122835711
6258061613260
8796117041433
8796099109356
8796096014760
8796121068488
8796119646317
6258129643772
8796098504508
8796124801233
8796107057674
6258096210441
8796137551037
