6258093920912
8796095926709
8796112651036
8796096482774
8796126732089
8796101391782
8796139108261
8796096834538
8796091977666
8796096753159
8796134843266
8796104330987
8796091177644
6258140699217
8796130032632
8796093211929
8796097994805
8796107916798
8796117777394
8796104196628
6258070470089
6258070341047
8796124652436
8796107625038
8796100604329
8796100043670
8796097829822
8796094592646
8796123240738
8796126187483
8796095222071
8796123677643
8796101279508
8796110483473
8796095915899
8796096855634
8796113266472
8796136821307
8796137703204
8796103733060
8796101739175
8796123344458
8796134926065
8796096291992
6258070604146
8796096665830
8796123419946
8796126983667
8796109080591
8796100239707
8796117653190
8796108380144
8796120243673
8796101785159
8796121049865
8796108347738
8796111886364
8796135756540
6258061880118
8796136009428
8796116517605
8796123932905
8796095347209
8796101191245
8796105124892
8796114028357
8796096569226
8796116648674
8796096804871
8796103359792
8796136673205
8796120621689
8796095020632
8796109777322
6258095023391
8796135876637
8796118643608
8796091259961
8796091581892
8796095493141
8796122615407
8796119548301
8796139552146
8796108581431
8796117688787
8796095719121
8796089856938
8796122835711
6258061613260
8796099109356
8796096014760
8796098504508
6258062230615
