8796109766530
8796097844721
8796104366873
8796104605378
8796111526017
6258151623730
8796109477901
6258136946463
8796101970851
6258146250835
8796102074333
8796107209626
8796096370521
8796098855951
8796104150459
8796094251230
8796104402922
6258149889629
6258146059068
8796109071331
8796099069253
8796104057641
6258145585318
6258143204691
8796111500673
8796107799953
8796093435245
8796107229020
8796092204404
8796094489705
8796102242834
6258137039661
8796090839080
8796101480842
8796100528771
6258136678016
8796098797713
8796095195274
8796101041465
8796105234016
8796095382063
8796091702654
8796103929751
6258148891966
6258145988299
8796093631570
8796094157470
8796110981099
8796108448397
8796108887513
8796097379038
8796096563445
8796108937982
8796100650067
6258145847758
8796097084484
8796111430168
8796090707129
8796095046623
8796101109011
8796099883432
6258146064057
8796107958110
8796112660780
8796102235562
8796099068981
8796098332724
8796096858254
8796098742512
8796097984359
6258145976971
6258154220656
