8796130426855
8796145007335
8796133345050
8796126342699
8796151596082
8796113243100
8796137121482
8796141204575
6257465417057
8796094703896
8796141809342
6257517503380
8796158333123
8796106904806
8796132631107
8796105267218
8796107541184
8796106646486
8796125663718
8796135293764
8796101770455
8796158372077
8796105790035
8796103926414
8796105667231
8796099076028
8796115206505
8796104796911
8796138588157
8796136667617
8796134583556
8796114113007
8796124518654
6257480203832
8796111237093
8796099649692
8796108181784
8796110524908
8796100244642
8796159054927
8796113917317
8796100407862
8796099572248
8796141703909
8796104197778
8796141798466
8796129732941
8796132961344
8796119282463
6257480766242
8796114393636
8796098002050
6257465556607
6257469449933
8796108159949
6258055459374
8796133728569
8796111535671
8796139229937
8796127778927
8796147423282
8796108049743
8796114335502
8796145395908
8796138284798
8796109468952
8796096129464
8796150290797
8796101929369
8796115935418
8796140886353
8796124363400
8796101469495
8796113727465
8796109107557
8796136641980
8796107791290
8796158888561
8796133654609
8796139116590
8796108844458
8796146419481
8796119926650
8796150548177
8796104359605
8796131805675
8796148508876
8796120363643
8796118003508
8796102970523
8796109923911
8796117923933
6257517333100
8796109103444
8796091820574
8796136868671
8796112541119
8796132419297
8796099206710
8796150286421
8796111930407
8796151169571
8796100709960
8796128001674
8796106342884
8796145942112
8796144996343
8796141061937
8796123685220
6257479187981
8796135382872
8796131229422
8796115412500
8796120060251
8796120774090
8796155683813
8796149691966
8796129838986
8796106539300
8796102220188
8796147655668
6257468557466
8796105889122
8796118678052
8796110840683
8796097026134
8796143427209
8796138774532
8796148189080
8796147075416
8796142316295
8796089918907
8796102262839
8796091125224
8796131726388
8796135147951
8796110900985
8796147583272
8796148661852
8796110776729
8796106118710
8796143824282
8796096868828
8796142914984
6258054985716
8796156947578
8796133311867
8796138824692
8796103345834
8796142713301
8796127720668
8796138219542
8796145570181
8796148212592
8796126969763
8796124801462
8796140560134
8796124657249
8796141214563
8796155260668
6258054986218
8796118300840
8796136255154
8796097709084
8796116987415
8796146381624
8796110671104
8796113597735
8796118814561
8796132993668
8796149902833
8796142281105
8796134973129
8796141715373
8796128192020
8796146687893
8796105718711
8796091652335
8796101472758
8796095528122
8796123872007
8796115194169
8796139821171
8796122502193
8796111295031
6257517384622
8796121902959
8796130072992
8796130843703
8796115174378
8796118960545
8796137981883
8796119774786
8796105502973
8796095269103
8796110041639
8796125053635
8796106736727
8796133240091
8796114212252
8796150637821
8796111860164
8796104779759
8796133762101
8796113592279
8796115848843
8796157532797
8796122335085
8796118825805
8796154864155
8796148409445
8796154047980
8796096471976
8796144830192
8796099939578
8796111763662
8796117351286
8796125393035
8796134647066
8796158232292
8796150278455
8796156834421
8796148739411
8796131053948
8796122751752
8796105860750
8796148687923
8796134558743
8796134555794
6257480475938
8796107619298
8796134632676
8796109950364
8796146879692
8796147091981
8796122797943
8796093750971
8796104823709
8796107585404
8796106432605
8796117616878
8796102106956
8796137721069
8796123573311
8796110336295
8796115193735
8796131939187
8796149355565
8796130298731
8796153210149
8796126056771
8796130176638
8796107555451
8796095222965
8796089562604
8796091040727
8796121036003
8796114824832
8796143494071
8796098024781
8796104248590
8796104136597
8796141721356
8796089887776
8796147896826
8796093235531
8796121656359
8796152340460
6257532086752
8796116910222
8796113154008
8796100035599
8796111958005
8796111889193
8796144989372
8796118618335
8796155205474
6257469427632
8796158532349
8796112819719
8796137600116
8796101581462
8796154589026
8796158064968
8796125469505
8796112889370
8796153930176
8796110547379
8796142115833
8796140197892
8796142170686
8796141556936
8796136513761
8796131735987
8796136722514
8796137535118
8796152385199
8796152267073
8796141324703
8796149216428
8796155907664
8796102210714
8796136725368
8796123626507
8796128042998
8796130511948
8796142652515
6257467616963
8796101947146
8796130623740
8796121633670
8796101351903
8796139720422
8796155892769
8796136698369
8796135152342
8796110812063
8796103405049
8796138935390
8796106875035
8796157055898
8796119263691
8796121432975
8796096353894
8796111374411
8796136016190
8796093054781
8796125345885
8796114336404
8796109743335
8796132335089
8796115871699
8796109929178
8796115987859
8796112729512
8796155328605
8796142832960
6257530986560
8796132612488
8796111664423
8796130943384
8796105320225
6257467871945
8796141644084
8796120752480
8796113260417
8796109117321
8796107561616
8796119839817
8796114831549
8796137713910
6258055530878
8796149918234
8796137080329
8796137620495
8796105227893
8796136894611
8796099056828
8796101752005
8796144393510
8796143295189
8796141373760
8796148640175
8796109913219
8796156477472
8796131367328
8796135516006
8796130426257
8796137926687
8796131654678
8796147585903
8796153879555
8796104898075
8796097558868
8796097394836
8796110172754
8796105790579
8796157451229
8796132546254
8796139952103
8796137104628
8796103576023
8796103821727
8796145321113
8796116015045
8796115991570
8796125573614
8796119685242
8796102878045
8796110227666
8796127063841
8796147779053
8796107823614
8796139304724
8796144550522
8796154875039
8796123398643
8796118655058
8796102068757
8796098792131
8796129326586
8796146353738
8796144424721
8796142929452
8796105119876
8796119263677
8796132528111
8796140588987
8796140306746
8796108309677
6257530729221
8796112016027
8796137621513
8796116475203
8796125060225
8796109546473
8796101162212
8796118958157
8796146426146
8796134520485
8796116735960
8796147305387
8796101903113
8796133159508
8796135767023
6257517250195
8796114991323
8796145050467
8796135140683
8796140552020
8796129914199
8796091533237
8796129937448
8796101071133
8796107451263
8796096461427
8796120739765
8796112541308
8796147464804
8796118757358
8796105785271
8796114541768
8796134341630
6258016893543
8796147617580
8796122462990
8796090010573
8796116446472
8796105179774
8796117631377
8796155538839
8796126380598
6257469428336
8796123333363
8796128001699
8796116443337
8796107290138
8796146832144
8796132373745
8796135962474
8796095084618
8796143004369
6257529516718
8796104073997
8796156043522
8796123980566
8796101677351
8796135882770
8796145641815
8796099789355
8796128598842
8796138198157
8796154703093
8796121174211
8796131558886
8796107883970
8796118314336
8796106734375
8796132413735
8796142666273
8796121271431
8796098037894
8796090909601
8796142393547
8796112322457
8796142716875
8796103256215
8796133767558
8796151498302
6257531881052
8796143794912
8796130199570
8796135127573
8796107058483
8796132025199
8796142614145
8796140307151
6257479763597
8796114971067
8796140358923
8796105268417
8796141598542
8796122409296
6257531427404
8796104970602
8796116441295
8796107877424
8796091978339
8796151321988
8796122484362
8796090776316
8796135593777
8796142366309
8796156133328
8796137243822
8796143968098
6258055441623
8796138771365
8796090937642
8796151510281
8796136357490
8796102512157
8796099891776
8796107061417
8796103713169
8796157385033
8796151740914
8796140937705
8796125947180
8796119478488
8796144763741
8796149083972
8796130369243
8796150586490
8796108114531
8796118627264
8796137238443
8796136094441
8796106374259
8796131974475
8796127323870
8796136889477
8796114181825
8796140981047
8796114359791
8796118788324
8796144127210
8796139297386
8796106739219
8796158870134
8796105770156
8796154734500
8796109709510
8796133050709
8796117794998
8796117226939
8796103781550
8796148422185
8796113210665
8796139079985
8796123474575
8796135775151
8796140409906
8796143522205
8796105964061
8796110528455
8796142064705
8796143312072
8796138453314
8796144503171
8796137946235
8796141635993
8796105484820
8796107343167
8796119516640
8796135744820
8796123882108
8796129714111
8796139490708
8796141367879
8796117472330
8796103622176
8796133046564
8796092317960
8796124216745
8796141499707
8796095065913
8796117913580
8796153591689
8796150718804
8796139283822
8796131370838
8796142063504
8796142328843
8796117784985
8796129711666
8796129745800
8796122184446
8796117848153
8796119868553
6258016781964
8796098138450
8796109749254
8796129213486
8796099445730
8796150704093
8796152108554
8796126424722
8796089977001
8796136411693
8796109146190
8796108136954
8796153274754
8796145522852
8796096243635
8796138722764
8796119747600
8796098982682
8796131052012
8796139821161
8796098451226
8796143245752
8796141974947
8796111346248
8796105314961
8796129536453
8796109188529
8796105186907
8796143795741
8796091053039
8796125746389
8796136150594
8796105104809
8796130965321
8796108479719
8796126863511
8796137326406
8796123872989
8796154180804
8796106910773
8796142795340
8796091872532
8796140480286
8796119470771
8796153113554
8796110227090
8796113636019
8796133444919
8796140108147
8796133723375
8796147065667
8796119883169
8796137668240
8796092999988
8796136216730
8796113922227
8796141853996
8796144359568
8796152811791
8796110034737
8796110962392
8796149020040
8796134853623
8796122046621
8796152038741
8796144504545
8796130224276
6257531883265
8796141499946
8796104245878
8796129962248
8796118446209
8796150509462
8796130998720
8796139079250
8796111988197
8796099374339
8796136365218
8796099345384
8796132155559
8796116143236
8796107625801
8796121132876
8796096648585
8796147000994
8796119985972
8796130092128
8796157604786
8796121187156
8796154759077
8796133967645
8796116101797
8796108540274
8796149844498
8796132420345
8796113864075
8796157047269
8796144809958
8796107649686
8796101703311
8796145966270
8796093101465
8796132435322
8796102631211
8796123032158
8796103766326
8796115283102
8796159462649
8796130646090
8796115770501
8796153116814
8796141594834
8796139990078
8796112985957
8796156365420
8796100853352
8796118838456
8796141426053
8796139381697
8796110540601
8796100366718
8796101376865
8796126777953
8796124801456
8796101729613
8796152290707
8796103464569
8796101917684
8796121080361
8796108735931
8796136466269
8796124921996
8796148717720
8796148857740
8796110071883
8796119424411
8796111997011
8796107135039
8796123260279
8796091642984
8796145641132
8796135595198
8796131971155
6257518711928
8796112406471
8796109989794
8796129325470
8796093383564
8796125491755
8796118309045
8796140507319
8796141112746
8796145395263
6257516843511
8796141937212
8796121255331
8796159430218
8796105231654
8796136920639
8796114017470
8796107367588
8796154551410
8796100757913
6257532019139
8796148017005
8796135937063
8796135490378
8796094548542
8796137700161
8796110888875
8796105217357
8796107915940
8796123245938
8796146586367
8796089800924
8796119047241
8796110103037
8796139228231
8796139331378
8796111563632
8796131816908
8796139039205
8796104775364
8796113229871
8796134584845
8796137535841
6257467127973
8796141363114
8796135668081
8796090954353
8796125725892
6257479258347
8796146296193
8796147861002
8796119953273
8796109212099
8796111083879
8796126645907
8796159216987
8796107989840
8796125506899
8796099756705
8796103145514
8796128943800
8796132949953
6257468375366
8796112424491
8796155204405
8796120927196
8796124985992
6257517054085
8796150518933
8796138009866
8796150765353
8796100403770
8796154062476
8796151493204
8796097329661
8796114337858
8796150510746
8796103993974
8796140798212
8796135931620
8796126516121
8796143729843
8796125733323
8796110005585
8796111865149
8796095498240
8796139927715
8796106776770
8796127755296
8796129047848
8796112269667
8796142387855
8796150000261
8796106801462
8796105677844
8796122727735
6257530591051
8796143442257
8796138024497
8796108743680
8796152687095
8796137818863
8796137789451
8796127455191
8796149780848
8796136085308
8796099658732
8796107641007
8796139584082
8796141333435
8796126810888
8796104664092
8796104036654
6258054739370
8796145080581
8796094620902
8796125152848
8796106435460
8796103886175
8796159505664
8796131035205
8796103969785
8796143453394
8796129934984
8796133001327
8796113373509
8796142666789
8796130211892
8796157201691
8796129143038
8796122404249
8796140267168
8796142771539
8796151689838
8796101539631
8796148085974
8796107598520
8796141387827
8796098447985
8796112122815
8796133040813
8796136451419
8796142937421
8796152106907
8796141172562
8796137946376
8796110781108
8796097324215
8796139153396
8796120371955
8796145898264
8796148584593
8796134064557
8796135457670
8796148491379
8796104034236
8796149664621
8796094611653
8796149970712
8796132646511
8796102667301
8796130767786
8796133705101
8796109646257
8796132564679
8796121107694
8796111977824
8796111980434
8796136417310
8796151313916
8796115904243
8796144570529
8796153601824
8796141115553
8796112577413
8796104230496
8796111613197
8796096880291
6257465742123
8796124034338
8796097739073
8796109095595
8796098947100
8796141593385
8796138023929
8796140368759
8796152073825
8796132849800
8796105049464
6257479092638
8796105280378
8796151293303
8796129490211
8796124677144
8796122751750
8796118967368
8796147585994
6257481804715
8796145652060
8796147480661
8796140494790
8796109237809
8796111156527
8796102080620
8796118463268
8796105970229
8796143234866
8796140766793
8796135235624
8796150853315
8796098238602
8796131200173
8796134752899
8796108205194
8796127459105
8796130396747
8796136567861
8796121989426
8796124277268
8796128239085
8796110685045
8796148739688
8796136521155
8796121654122
8796133250484
6257466289818
8796110280769
8796096786889
8796116941660
8796110255479
8796148599882
8796106577818
8796103957930
8796137305781
6257529324959
8796110674507
8796132417921
8796134880623
8796143051158
8796144531557
8796153241999
8796119516623
8796137119532
8796152707736
8796149158375
8796148801291
8796117819084
8796110428568
8796116812477
8796154438550
8796145784726
6257531816126
8796145086145
8796104014987
8796145634588
8796144156082
8796093976183
8796122801769
8796101807588
8796115855374
8796148294312
8796146113173
8796154549035
8796121362935
8796103401890
8796134644792
8796104400020
8796098311582
8796144483698
8796130052247
8796136216734
8796095998114
8796100174066
8796106500393
8796114786185
8796144715966
8796131681598
8796113230266
8796109930389
8796129309963
8796147650971
8796118291984
8796142443486
8796123859457
8796119222273
8796122454738
8796143386304
8796128257537
8796122509329
8796112020811
8796110714019
8796092258178
8796113068502
8796154518211
8796124655298
8796114542957
8796135965519
8796143856790
8796124561906
8796148145717
8796095159239
8796095729526
8796108877017
8796138916450
8796131598114
8796146676071
8796111852077
8796140781423
8796121725596
8796092599174
8796116349888
8796124375381
8796134117081
8796122677046
8796158216625
8796124566603
8796134878558
8796143673208
8796151414200
8796152003559
8796111516777
8796149121012
8796123032452
8796155728684
8796104260489
8796102498140
8796112079206
8796145820555
8796120599647
8796144986943
8796142498802
8796156173568
8796149478390
8796107279502
8796110837552
8796143059426
8796106995179
8796110399944
8796156090689
8796112265293
8796105882505
8796096652643
8796159368696
8796123693609
8796105281855
8796144426491
8796136883286
8796093387108
8796141569069
8796107397504
8796140696995
8796135593768
8796113318774
8796132974324
6258016907234
8796121811682
8796125405183
8796108987666
8796153634871
8796153496530
8796102915186
8796111316455
6257530922945
8796143677881
8796140404426
8796121506521
8796101979030
8796111522865
8796114914092
8796116985881
8796104201376
8796101172835
8796118347534
8796108108170
8796153134218
8796109279071
8796107660887
8796109864690
8796151414204
8796149638398
8796148998179
8796096121329
8796100770337
6257478999217
8796157465177
8796119892228
8796137183662
6257466855374
8796130681975
8796133596034
8796107696026
8796141246755
8796112634131
8796138070961
8796124151458
8796140759517
8796128145998
8796129441879
8796099047225
8796137885586
8796123080966
8796108912435
8796142397270
8796119296248
8796148151251
6257465907118
8796123806624
8796107215668
6257530288054
8796134626238
8796106462672
8796109709922
8796112744141
8796111428743
8796107338996
8796121752084
8796107149290
8796118253872
8796151505110
8796144217409
6258054896464
8796089797998
8796129362350
8796157604789
8796140953406
8796142441688
8796105153368
8796119252536
8796145294590
6257467490253
8796143134989
8796117195573
8796133294209
8796098937869
8796152516956
8796143554735
8796139187337
8796131577636
8796114644715
8796137162890
8796141485579
8796124864048
8796097356370
8796157059945
8796129568520
6257528365480
8796132078014
8796105594076
8796123859439
8796150528744
8796142847943
8796099268037
8796125148020
8796120903468
8796147824940
8796124229619
6257481774357
6258056126261
6257467064341
8796128836345
8796141619163
8796119283750
8796107682323
8796107237185
8796154842754
8796110359925
8796141155883
8796156941002
8796128542108
8796108677216
8796151693442
8796146259193
8796089923727
8796116066884
8796126521079
8796144426497
8796148254402
8796150392710
8796123158937
6257517577129
8796112640092
8796103272906
8796143363604
6257467271243
8796137073750
8796123092824
8796147360139
8796132686867
8796140608543
8796109619855
8796143292617
8796160198278
8796141014228
8796130539040
8796143018805
8796147741052
6257466839078
8796099101186
8796137186567
8796154420813
8796117705649
8796111261705
8796143572453
8796136532845
8796155914289
8796112843707
8796122556961
8796109250124
8796116488731
8796105665349
8796131574749
8796109532878
8796144040792
8796146402334
8796150174241
8796153849045
8796111098345
8796107977375
8796101391816
8796141470301
8796127606891
8796137912783
8796154034521
8796104222614
8796092765669
8796145895920
8796145414454
8796150232325
8796138397050
8796139485658
8796142838677
8796142257102
8796145992883
8796110448564
8796106099195
8796145401919
8796114195245
8796123177939
8796143598807
6257478954087
8796150861623
8796155557643
8796133245319
8796138259932
8796146365750
8796112454972
8796098579356
8796099114792
8796114444040
8796106096311
8796142400487
8796118635514
8796105583543
8796121342804
8796153600121
8796124801956
8796148201808
8796149511346
8796128300589
8796118733843
8796115110415
8796120911834
8796114119832
8796139989792
8796142313781
8796126579379
8796100695245
8796135258405
8796127362209
6257529333858
8796119418737
8796101481823
8796135493241
8796154484793
8796147165900
8796144260352
8796106126043
8796107873886
8796131971736
8796092701239
8796110748980
8796121316434
8796108630991
8796110931222
8796150140055
8796090525770
8796098993618
6258056394412
8796110757702
8796118257745
8796123160233
8796120306957
8796102082646
8796120368187
8796134817767
8796128862057
8796142391233
8796106412599
6257463327993
8796154638482
8796133015494
8796131805678
8796146146660
8796156667055
8796146751376
6258056610648
8796133054686
8796126992500
8796104891816
8796134403712
8796106825514
8796149080311
8796096798146
8796146192041
8796107240975
8796125340851
8796098363895
8796124537733
8796145951296
8796104927483
8796149521165
8796148145115
8796152730751
8796117576089
8796109541903
8796118204749
8796153621046
8796153130689
8796107083006
8796095866943
8796119205342
8796126157165
8796097146275
8796108701739
8796148728964
8796098763239
8796139141453
8796113482392
8796140273872
8796115343566
8796108391548
8796107087936
8796135691870
8796098833155
8796102061928
8796116104390
8796127923755
8796109544614
8796150084755
8796151738848
8796145797873
8796103315968
8796097466664
8796110208412
8796142670219
8796144810374
8796105054468
8796122281067
8796097713415
8796155423469
8796118267316
8796158540208
8796107240384
8796105775349
8796103832209
8796106964219
8796125682092
6257530825628
8796147970738
8796111254021
8796150303167
6257517487846
8796157499898
8796135794840
8796111308084
8796153369382
8796121178898
8796146593986
8796135032673
8796153096990
8796113801009
8796141669831
8796143667804
8796098232321
8796111353464
8796132255253
8796093566532
8796095259051
8796137362998
8796123360677
8796151684499
8796106578693
8796155063983
8796106611151
8796100195377
8796104695793
8796134829075
8796136067232
8796118762761
8796136034853
8796110774855
8796097576262
8796130049163
8796141836437
8796146128048
8796129686095
8796093547045
8796137049790
8796134499859
8796139189048
8796112105900
8796122083864
8796128105925
8796119705507
8796146973236
8796147500684
8796132600985
8796145448871
8796141282495
8796103111906
8796105897050
8796098266330
8796135550988
8796114183613
8796106509103
8796125981089
8796133472116
8796126033331
8796109598469
8796152891239
6257519059324
8796151968426
8796151261770
8796090298725
8796105545841
8796102545185
8796109993050
8796110865747
8796141962501
8796122503205
8796100374013
8796102246628
8796139480901
8796105768879
8796095581365
8796117877986
6258054924582
8796138362218
8796112584293
8796119545380
8796111920946
8796146808264
8796099425916
8796142004514
8796120961884
8796105785279
8796118458461
8796143410460
8796130561449
8796107967661
8796105256908
8796141466055
8796112432076
8796131316364
8796097107441
8796109146183
8796149557386
8796146808859
8796146726200
8796109343726
8796144991012
8796100373590
8796146500361
6258016884139
8796116737243
8796123070472
8796106273815
8796143127829
8796132417931
8796137228891
8796120563565
8796125184911
8796137804478
8796136871915
8796093627955
8796152634846
8796114519153
8796112297621
8796097920941
8796115829805
8796115218236
8796152728039
8796108547732
8796154194490
8796142690347
8796113992956
8796121922319
8796100760172
8796137670988
8796146341081
6258056546327
6258054753490
8796132757718
8796103856362
8796092547538
8796118243375
8796145834968
8796153760512
8796117067456
8796145755159
8796118627711
8796146224267
8796142328359
8796132541986
8796129748249
8796134348325
8796098445686
8796100802019
8796106541533
8796097018907
8796114265036
8796145149962
8796156783959
8796152296991
8796157232856
8796158650611
8796109575146
8796137020542
8796096286683
8796146963534
8796096193842
8796122957962
8796130782194
8796106848582
8796156481424
8796142804229
8796147940155
6257467531006
8796130635159
8796141171016
8796117627999
8796128770535
8796116733518
8796123317276
8796102984892
8796147618479
8796104604342
8796149651784
8796147869678
8796092360496
8796121062147
8796090128898
8796142771487
8796133059462
8796131698102
8796142379070
8796152833236
8796113598629
8796123424130
8796112275317
8796143885667
8796141538485
8796138691966
8796135285190
8796141084107
8796145550925
8796115930626
8796146437237
8796134151250
8796137089089
8796136342393
8796117861720
8796142783614
8796108133385
8796111931325
8796148015173
8796128507027
8796101246358
8796139437478
8796128993771
8796141880630
8796129151055
8796144016265
8796110237247
8796109796759
8796122049193
8796125380084
8796114507599
8796132130657
8796153182379
8796123794093
8796098741135
8796090770391
8796130816647
8796110331755
8796126750097
8796103610656
8796145628379
8796094610575
8796137955225
8796134753013
8796094037753
8796136465672
8796100964226
8796093304388
8796121078893
8796147184608
8796118578377
8796103494879
8796090048465
6257465579021
8796137949936
8796106384205
8796107193014
8796111481105
8796095670833
8796145959250
8796100349484
8796110999489
8796100055065
8796133829174
8796121814654
8796112745417
8796118355018
8796131587308
8796131796295
8796144726805
8796122899123
8796158422653
8796098253223
8796128042999
8796110157160
8796102446278
8796119157850
8796121427372
6257465730871
8796132059222
8796148291043
8796142576113
8796115797540
8796099251850
8796112790581
8796143464036
8796103234867
8796139628839
8796106468341
8796110620824
8796140061069
8796151518318
8796111457982
8796100399993
8796107339600
8796114643100
8796142036781
8796094174356
8796134137320
8796137162889
6257468797627
8796134561330
6258056518395
8796114115816
8796099502864
8796091960787
8796111033600
6258055462936
8796129081407
8796105451864
8796148463382
8796099272979
8796135809530
8796146394714
8796153551729
8796131969872
8796118133403
8796140899240
8796096298326
6257467667481
8796092288353
8796142125344
8796129477674
8796143423156
8796145400974
8796150414371
8796096346168
8796120501510
8796109102825
8796151662929
8796101494897
8796122515147
8796127325563
8796149248855
8796124413033
8796135433319
8796116262948
8796144906445
8796152882693
8796130583189
8796152187460
8796143427210
8796134635194
8796100502226
8796100920930
8796114862137
8796114646135
8796152625206
8796100383407
6257479374382
8796104853679
8796103224942
8796122281971
8796145177560
8796129271850
8796102576586
8796145879541
8796139363393
8796141696658
8796144473988
8796150518931
8796118225108
8796149044951
8796110606940
6257516090968
8796142383431
8796104064738
8796103845150
8796112896991
8796139033089
8796144459898
8796101742138
8796113848056
8796146277435
8796136107086
8796120890287
8796111294179
8796133332079
8796114054736
8796142302048
8796119824584
8796128220756
8796141518672
8796122328239
8796142762453
8796145461108
8796127587949
8796134550602
8796143125711
8796109272523
8796149407404
8796098428427
8796107459140
8796108046968
8796145946194
8796115149478
8796118277122
8796110893347
8796154023897
8796121115316
8796095645179
8796143326231
6257479176964
8796122469528
8796129558295
8796110234797
8796152666828
8796148776951
8796137576755
8796117810535
8796090492342
8796136481363
8796121439447
8796147069749
8796139644620
8796106834977
8796148592910
6257478624451
8796141352145
8796141317818
6257517682261
8796112985018
8796107301840
8796127821848
8796092144060
8796098470115
8796110181140
8796140839436
8796115902002
8796114691340
8796100972437
8796111244827
8796141338893
8796141517594
8796118236069
8796120745876
8796153087358
8796130706799
8796148017604
8796145197704
8796159357520
8796101990419
8796100650462
8796107336882
8796118315865
8796127989493
8796095467994
8796131419490
8796146774563
8796099260411
8796145048762
8796153792655
8796152795096
8796155630574
8796142104137
8796142699977
8796114818141
8796147392331
6258056350139
8796153094868
8796144796566
8796098108493
8796111928694
8796105913458
8796158306281
8796113210996
8796102792500
8796115280055
8796144167078
8796110416456
8796114276570
8796100918102
8796111595466
8796131072834
8796132469862
8796108818748
8796113632601
8796127396309
8796137628771
8796117656891
8796137937347
8796118576395
8796121814759
8796144525296
8796107802145
8796133210037
8796115042663
8796122321934
8796092890223
8796151690338
8796101863837
8796136410216
8796141084110
8796137038977
8796111594681
8796155775809
8796131695114
6257532345889
8796143375035
8796138733407
8796154904929
8796090847439
8796143005858
8796137348987
8796120179382
6257479076528
8796134257268
8796149595262
8796120744590
8796092537469
8796110474476
8796118895337
8796119302755
8796157504273
8796119219437
8796132612502
8796101006752
8796114638652
8796116924103
8796105380504
8796130377498
8796108383195
8796118017050
8796119532541
8796137700158
8796144637016
8796101986458
8796131873174
8796138509580
6257465914673
6257467007583
8796124884873
8796108905176
8796154083552
8796155162589
8796129909472
8796153233056
8796116431430
8796101161294
6257517168508
6257530857258
8796111092010
8796102683756
8796153702724
8796131822904
8796110448612
8796110207065
8796149553603
8796154176355
8796148128043
8796153440092
8796133657679
8796122736222
8796114731218
8796103152868
8796152657343
8796103594266
8796100502495
8796152984632
8796113063257
8796136397432
8796152784706
8796138754598
8796145348461
8796148645257
8796108438525
8796123081891
8796129711439
8796120502336
8796115061445
8796118457571
8796149597026
8796100705508
8796145975763
8796128887853
8796122950314
8796095575041
8796154924419
8796128949627
8796147027795
8796093525243
8796149893012
8796156109783
8796113644664
8796132508090
8796109777891
8796112404611
8796100741166
8796111345036
8796128511230
8796149126831
6258056244789
8796106691155
8796128451721
8796105874813
8796106857394
8796157169076
8796112586307
8796157295242
8796148756024
8796091859442
8796113852099
8796113293767
8796146259191
8796141374399
8796116072178
8796143723298
8796104850959
8796149548809
8796144655615
8796106507505
8796113984314
8796141521993
8796099227181
8796111651232
8796139373602
8796156584675
8796114383728
8796148482300
8796146640663
8796113531017
8796135068446
8796154655461
8796110929857
8796153324346
8796110129225
8796097964093
8796147713342
8796114642035
8796137853090
8796111488546
8796151467024
8796124502337
8796118623573
8796089745196
8796121307055
8796128058956
8796107572622
8796117509771
8796110423603
8796141661517
8796121514449
8796100360545
8796108580828
8796115317462
8796094819118
8796100904170
8796147372413
8796139878158
8796101398103
8796141868869
8796136514235
8796104560519
8796154279428
8796135088621
8796126566580
8796141269816
8796144080063
8796102170169
8796105285203
8796110077134
8796119929555
8796141277113
8796148529331
8796094042952
8796107297970
8796138681540
8796099751135
8796138822897
8796117907279
8796134442745
8796112640371
8796097949630
8796103396513
8796143295384
8796146048438
8796121807130
8796135486696
8796120654843
8796140039010
8796153533810
8796135529541
8796132307911
8796097172322
8796123242581
8796147379040
8796151451854
8796153517569
8796148656513
8796142091773
8796129494749
8796142764654
8796144648826
8796104846119
8796115041346
8796115209006
8796114608071
8796130247589
6257468896748
8796146160795
8796112184520
8796139131360
8796122380148
8796099151095
8796110243583
8796093640210
8796106284536
8796117367782
8796144967220
8796124653347
8796136937335
8796131868668
8796138897477
8796133811848
8796099195632
8796119793279
8796132374657
8796134318324
8796150045685
8796104045889
8796134551808
8796153864510
8796133215655
8796140193705
8796145475929
8796153068438
8796148606511
8796127917354
8796144017243
8796144572672
8796136709751
8796121680409
8796153164714
8796110311986
8796124557326
8796098484299
8796120118860
8796131640589
8796143684898
8796143239772
6258054815056
8796137862872
8796142307812
8796135827776
8796134853614
8796132443968
6257468878636
8796118949662
8796116472315
8796131959046
8796144217408
8796157992186
8796153824517
8796122252770
8796117146543
8796134043680
8796150709881
6257517091312
8796118396030
8796120740897
8796112242255
8796091185876
8796111915362
8796142343064
6257466558391
8796138484225
8796106876937
8796148494822
8796117649648
8796110238220
8796106330440
8796108430246
8796121850271
8796113462914
6257531932205
8796110553378
8796151508472
8796149922222
8796115008580
8796144469619
8796117010381
8796135870042
8796120945279
8796126604486
8796132210188
8796114833029
8796133873137
8796144320139
8796147158554
8796144288202
8796109096129
8796147562085
8796107227509
8796142400587
8796107562465
8796124481412
8796152932231
8796144382045
8796137783389
8796104622042
8796112463045
6257467199906
6257517193807
8796111207877
8796106506312
8796124536781
8796139323199
8796150059934
8796106576703
8796095027056
8796132753220
8796150232144
8796146252069
8796112731926
8796101757857
8796154565322
8796128066232
8796143806428
8796099436495
8796136471118
8796147623256
8796103551942
8796138809157
8796137348454
8796110671806
8796119556909
8796103526076
8796126681958
8796144519509
8796158417038
8796124332416
8796107308825
8796147482798
8796154918888
8796139360360
8796147411909
8796105378062
8796112851810
8796132892945
8796140437642
8796109205334
8796147306089
8796111364481
8796110685039
8796146185066
8796113591603
8796116005040
8796140505408
8796155882979
8796121442285
8796146260827
8796125751243
8796126061643
8796108027656
8796118216871
8796106042231
8796150277072
8796105818845
8796107945888
8796105776773
8796158427929
8796116978145
8796130838804
8796103716247
8796139741072
8796133377370
8796127595542
8796150061538
8796145677348
8796109718552
8796142604790
8796141999563
8796139610621
8796142438201
8796143672498
8796102035496
8796098780913
8796135940211
8796142455685
8796158060538
8796111664422
8796145946192
8796158879086
8796152084111
8796128121143
8796103908618
8796144376819
8796090831160
8796154864867
8796151788334
8796159301755
8796099649233
8796144884130
8796153328417
8796140994785
8796126553372
6257529589265
8796136807803
8796149772652
8796154033372
8796139184067
8796140961380
8796100359037
8796141807849
8796122368700
8796152639863
8796154756333
8796126085216
8796120240137
8796139269118
8796150791439
8796158749694
8796131254801
8796114856871
8796106732007
8796111058154
6258016025729
8796151275482
8796141527703
8796121218879
8796141867338
8796151348336
8796148126445
8796122905984
8796091751632
8796110118687
8796135986325
8796098799423
8796152082735
8796134303880
8796129332568
8796143456968
8796100625078
8796133725778
8796105037696
8796120389307
8796117591977
8796139044500
8796110972260
8796114120355
8796108860945
8796147450973
8796123528036
8796096812656
8796141459025
8796135472719
8796157081695
8796137582649
8796111161709
8796141441065
8796152367347
8796095164203
8796097660723
8796140300472
8796152463107
8796153134884
8796151554836
8796123624051
8796095433030
8796151248213
8796146114209
8796110996647
6257531132553
8796139278564
8796150104330
8796102490277
8796108627368
8796147622168
8796153607711
8796152133602
8796109693129
8796111124598
8796093264635
8796108166061
6257480303768
8796119122227
8796142490996
8796115908705
8796131212718
8796149915513
8796144381601
8796098742608
8796111060185
8796109230933
8796111994052
8796144219110
8796140066272
8796140348676
8796132566325
8796111885036
8796144976163
8796108828577
8796113417184
8796118341427
8796123710067
8796147055323
8796142550896
8796111297359
8796121611264
8796112730427
8796111957238
8796095518101
8796109712819
8796125894676
8796147320572
8796110920962
8796128082978
8796106503221
8796134817774
8796136411058
8796140872994
8796138954351
8796127191158
8796126160433
8796138022562
8796144769693
8796114941238
6257519026758
8796147414826
8796092649908
8796140501999
8796153585123
6258056409949
8796142794461
8796111577492
8796117987022
8796105485395
8796137049114
8796117790241
8796140328022
8796126546525
8796092408692
8796128345717
6257480287650
8796136061862
8796145905808
6257517876316
8796157164187
6257517987091
8796136072266
8796144700239
8796149590029
8796119061716
6257469426525
8796105219256
8796110421165
8796123808570
8796109031089
8796114856635
8796107988062
8796114445768
8796146059040
8796102537766
6257469447983
8796151226733
8796120197347
8796142319833
8796115333186
8796115045342
8796140053909
8796093364244
8796134350424
8796149050083
8796151225356
8796127742641
8796140875486
8796135169881
8796134934429
6257517325491
8796137992589
8796147614285
8796124988059
8796111439549
8796100193030
8796151717948
8796138877547
8796106728016
8796141654989
8796150189355
8796110654184
8796117288062
8796105329078
8796130695862
8796124093846
8796119776976
8796127996834
8796134209050
8796149185414
8796129228897
8796107638707
8796111058385
8796111483496
8796121128290
8796106972339
8796106166620
8796120892324
8796132407355
8796142265674
6257467203642
8796146604156
8796149071852
8796150076707
8796108595187
8796110608649
8796136275799
8796146846984
8796159810367
8796095517204
8796105841657
8796136841415
8796155389344
8796144735797
8796143010971
8796098079102
8796106825589
8796133936362
8796155532056
8796159579555
8796144290875
8796118473397
8796149436847
8796138828676
8796146136107
8796119186386
8796118692222
8796111345045
8796114391024
8796108264310
8796150144146
8796113770121
8796147379402
8796137173193
8796089515318
8796130144175
8796154865277
8796092941323
6257463355443
8796122962511
8796145809057
8796106411150
8796106211180
8796106259205
8796108216336
8796127348168
8796157514028
8796108958027
8796113758877
8796097657958
8796090723967
8796132286697
8796135641799
8796125852359
8796102101846
8796105739073
8796158227580
8796121708101
8796120878593
8796131805210
8796146948716
8796122040908
8796104774752
8796118980643
8796138568330
8796107446125
8796145530373
8796151377541
8796110016974
8796151948222
8796112933304
8796115824415
8796107953359
8796153746990
8796109490560
8796108784357
8796106810113
8796137101535
8796131845415
8796129802886
8796115812865
8796151558625
8796098351135
8796142325956
8796107418970
8796126705843
8796136680661
8796107223401
8796150049091
8796099555126
8796151249858
8796147924108
8796113448853
8796151586244
8796137457512
6258055090215
8796097095865
8796108355967
8796148801488
8796120566125
8796109976563
8796140596830
8796090639390
8796150429423
8796124638125
8796153626022
8796096158400
8796112265093
8796110798480
8796133436752
8796147412619
8796104105187
8796147910061
8796134135993
8796116689262
8796125244701
8796131080882
8796110228549
8796111821255
8796132604813
8796112400108
8796158005094
8796105690309
8796131930919
8796144996465
8796137464950
8796147544726
8796125677696
8796157647487
8796145133547
8796114713373
8796109859998
8796143829235
6257467084815
8796125215825
8796098994531
8796094267479
8796101163098
8796118957296
8796138140026
8796140393361
8796152284716
8796142701957
8796142141399
8796093876976
8796112088526
8796131326678
8796147134087
8796097430893
8796133293033
8796105436788
8796111357659
8796139728251
8796111957094
8796113344613
8796144122528
8796114937598
8796118678023
8796133721789
8796158536209
8796110598621
8796135508263
8796102419980
8796096251968
8796149289644
8796137133386
8796112523466
8796107848146
8796136616454
8796124281925
8796092906823
8796127203034
8796111571442
8796136062139
8796105088889
8796113491682
8796143942352
8796105939255
8796129700693
8796142432254
8796109273106
8796134111209
8796148897420
8796112308586
8796117749486
8796137600255
8796094973696
8796111171750
8796103314786
8796108248522
8796131963315
8796104782875
8796111256225
8796145050203
8796105459314
8796098995331
8796111163949
8796144243780
8796140074193
8796106785258
8796136783525
8796143083024
8796142100110
8796118356831
8796100932265
8796137245223
8796102585539
8796115486138
8796129764965
8796128949623
8796101125525
8796127143962
8796108951385
8796100548474
8796107727189
8796127129324
8796132615802
8796102427893
8796140117245
8796124596764
8796124938386
8796125371508
8796112757774
8796149026958
8796128223724
8796129618725
8796144550442
8796150388421
8796139478317
8796142299575
8796145337952
8796114554138
8796131791061
8796098559466
8796113953303
8796131808714
8796096945532
8796123498321
8796102433214
8796141819758
6257480791077
8796111656330
8796130136381
8796110352567
8796096792005
8796101290898
6257479236078
8796147609013
8796109110062
8796131566809
8796106533380
8796131913749
8796150855285
8796146016771
8796110137846
8796148756033
8796108419225
8796091273408
8796139721532
8796140486229
8796126757138
8796131808694
8796124507481
8796132335696
8796107417265
8796110051907
8796115906298
8796122821406
8796110376276
8796118866273
8796108830839
8796126675632
8796118955876
8796101641167
8796127176191
8796154170269
8796144829784
8796112100216
8796142167726
8796108584468
8796107432200
8796127760425
8796095139970
8796158723595
8796129518536
8796130469828
8796138268204
8796148591624
8796114341745
8796159422365
8796148280095
8796094923539
8796142764649
8796100331201
8796146668027
8796143607079
8796121685666
8796151524308
8796153512869
8796151677307
8796112290331
8796146402336
8796144376146
8796117929039
8796124598445
8796107729692
8796096157873
8796147101651
8796135189090
8796109175602
8796098237072
8796108388614
8796094775143
8796095283968
8796105969042
8796114963001
8796114893261
8796090521139
8796121572478
8796095562725
8796148220606
8796101183422
8796133866593
8796141742765
8796152940746
8796129632437
8796144070066
8796125571621
8796139008126
8796130510040
8796111632540
8796115869468
8796154615302
8796156209276
8796139400845
8796143508129
8796114701747
8796111123129
8796120956272
8796139394253
8796125869815
8796132675324
8796137331046
6257467542105
8796111542117
8796106435729
8796111748216
8796132503769
8796114307433
8796104019522
8796157468627
8796153111623
6258056375311
8796132792027
8796143172030
8796115334807
8796110472612
8796143400829
8796119844604
8796100860999
8796108484270
8796110658758
8796142879551
8796156453162
8796099073507
8796111817375
8796099814118
8796112219086
8796107182194
8796121502804
8796146981991
8796134999157
8796129405878
8796106276453
8796122270890
8796152538878
6257531131177
8796148953608
8796149240893
8796134483964
8796160655577
8796143921858
8796152580677
8796118676614
8796118706635
8796119957165
8796153720436
8796121330330
8796112661099
8796115241885
8796099887527
8796092510840
8796118476223
8796116792796
8796133719539
8796121594787
6257481832369
8796139221305
6257518451597
8796150141460
6258055203666
8796154209460
8796101793265
8796098935381
8796148629983
8796144111443
8796123074074
8796155940182
8796110309504
8796134427547
8796122691187
8796141651802
8796152122294
8796113941967
8796106370469
6257530898731
6257517312167
8796144718081
8796116778353
8796144702168
8796141056259
8796101475963
8796137762732
8796105333846
8796136951446
8796094977355
8796101516795
8796118420621
8796113347473
8796109915215
8796113061403
8796148173354
6257531863527
8796116535027
8796149596924
8796131928422
8796131316246
8796120466351
8796137545340
8796095166835
8796145878907
8796102983352
8796111524868
8796121507898
8796108691551
8796108903214
8796134532879
8796112768094
8796092156039
8796135743147
6257530853705
8796136840163
8796149679263
8796115331040
8796113576347
8796141056234
8796111676072
8796136742229
8796101103774
8796153777315
8796151299226
8796113948271
8796119601931
8796110555029
8796108192997
8796105665352
8796150581552
8796145372908
8796133126663
8796144454220
8796127460020
8796150965073
8796136259896
8796098168276
8796112873358
8796148352824
8796156372536
8796140137634
8796147608480
8796149838472
8796122011407
8796120880016
8796136071643
8796107546368
8796154109356
8796151123067
6257480766001
8796116375418
8796114375259
8796116771440
8796157895026
8796111124424
8796154639339
8796136000277
8796155154884
8796097067986
8796153705938
8796115753943
8796105095293
8796144802792
8796118549206
8796109487690
8796113757990
8796093469750
8796102310098
8796132127006
8796101779891
8796123402723
8796120306982
8796107535332
8796110871326
8796102080153
8796102131760
8796115250253
8796135378754
8796118694567
8796111151663
8796158351908
8796118557886
8796153938600
6257518623681
8796148739572
8796139440578
8796092365278
6257477159167
8796142309699
8796138792296
8796120229447
8796138903120
8796139199231
8796136513592
8796123487161
8796100137743
8796095237371
8796156792118
8796149493310
8796146339109
6257531071928
8796123882712
8796126318922
8796119385634
8796145484017
8796147164109
8796121005021
8796125509192
8796119944976
8796091791964
6257480649726
8796148945697
8796111900144
8796115985070
8796097170629
8796114610078
8796137527221
8796100194004
8796115685432
8796146928508
8796106760611
8796134483979
8796109874285
8796112106105
6257465879556
8796120291608
8796149840721
8796145354161
8796110680732
8796107912847
8796135797441
8796104519249
8796106585819
8796145595231
8796153464849
8796160325078
8796094090641
8796156198922
8796120338298
8796142306740
8796153353406
8796104736013
8796135466866
8796143742504
8796136284580
8796155922126
8796126285741
8796119306628
8796145622536
8796155550332
8796128675620
8796138159164
8796109028949
8796154966370
8796113515401
8796147768016
8796106387518
8796120724033
8796100689118
8796104363755
8796110404831
8796140355806
8796123907068
6257467501806
8796097333758
8796148667513
8796107354019
8796121638636
8796108068923
8796149118470
8796105274031
8796129147693
8796122507939
8796111079147
8796138265960
6257481521711
8796110378100
8796150497455
8796110742509
8796127688624
8796103301091
8796127192671
8796103195599
8796112061479
8796134365153
6257465537935
6257480793196
8796140813742
8796150632443
8796122487274
8796124530692
8796146324593
6257467312578
8796149031634
8796153392887
8796116130687
6258054823183
8796143497585
8796109733820
8796158664727
8796160435247
8796098156692
8796126390375
8796142350913
8796105008813
8796128839338
8796095846290
6257518082291
8796140589063
8796120035487
8796157261000
8796116889765
8796152496755
8796124399362
8796091543158
8796113605516
8796121142171
8796118396897
8796144149047
8796158926118
8796113420242
8796111688870
8796096485056
8796126369675
8796137844144
8796134205921
8796118934951
8796110464375
8796108183673
8796137456754
8796151008303
8796140759777
8796148617336
8796140180147
8796106815217
8796118005776
8796114701011
8796131207752
8796150620784
8796107395925
8796142541456
8796128246641
8796142246512
8796126359129
8796125440182
8796121692853
8796105368804
8796138980288
8796142158394
8796145664333
8796148045289
8796142737243
8796146899097
8796114312012
8796152341814
8796120263525
8796117576093
8796107011188
8796107860665
8796115074445
8796097702125
8796153719446
8796123660305
8796150242113
8796107512933
8796128181787
8796141888836
8796130362607
8796143442258
8796116103892
8796107675768
8796126328241
8796111638096
8796119059393
8796091409409
8796119281040
8796141702275
8796106316679
8796120185540
8796143512133
8796108052613
8796126300060
8796129015455
8796121778709
8796129803976
8796102918919
8796114069566
8796152808679
8796133201253
8796141882459
8796112552960
8796135857854
8796093770242
8796131284665
8796128001695
8796146501584
8796140252441
8796113932620
6258056133022
8796108861055
8796144418107
8796145958204
8796157599221
8796106665906
8796141566978
8796095595472
8796137287206
8796117433427
8796129700673
8796111726369
8796139323577
8796141994626
8796103328405
8796125746123
8796137803155
8796134060942
8796108380551
8796142395974
8796116281011
8796111270130
8796134049877
8796111830318
8796096270280
8796137116405
8796133622749
8796103950587
6258054667836
8796142168571
8796140658093
6257517922596
8796124328224
8796094451797
8796148030097
8796104724950
8796133222290
8796110504506
8796114685619
8796107063312
8796098803626
8796113664647
8796107321482
6257468101814
8796146935227
8796116249101
6257468557589
8796151268787
8796100973638
8796112465379
8796134447135
8796091329285
8796110092486
8796134497257
8796097507003
8796131121058
8796111437004
8796100042378
8796121219937
8796145120768
8796093042922
8796136383287
8796100702885
8796103173819
8796147978053
8796090226111
8796156183748
8796144668263
8796138407291
8796093176833
8796128955612
6258016374094
8796126598296
8796149990126
8796153927625
6257470453897
8796152220012
8796093209095
8796110742489
6257465541098
8796105707307
8796139346789
8796157844961
8796157513086
8796102801075
8796134971885
8796116093463
6257478986288
8796107784141
8796119151272
8796094874008
8796138116187
8796140761350
8796153972337
8796116241292
8796107165156
6257516100352
8796121128292
8796100370984
8796150771771
8796139651637
8796115981702
8796117119238
8796129476234
8796115838897
8796137744785
8796142842435
8796120260337
8796135837626
8796092484152
8796141956491
8796115879715
8796111634057
8796101671899
8796121730812
8796106707177
8796118803842
8796127969313
8796123246246
8796145525846
8796132511891
8796122519616
8796143034798
8796111563899
8796108830828
8796151295420
8796150159065
8796104374872
6257468930723
8796112986365
8796099478734
8796110550460
8796115288747
8796146300648
8796107175456
8796142315216
8796134088573
8796154531722
8796110551336
8796143779809
8796100125832
8796104094072
8796110060071
8796125618360
8796091931871
8796124092119
8796104703037
8796143866772
6257478699847
8796155818800
8796138732811
8796111160274
8796149871956
8796099750411
8796127758903
8796138523304
8796098605465
8796136530110
8796146481669
8796146982866
8796132186812
8796105183895
8796154388604
8796106523347
8796119039066
8796105463293
8796150536744
8796133840259
8796106649313
8796147045642
8796098859758
6257530973140
8796095084127
8796157985938
8796142924671
8796126404180
8796125555763
8796117984857
8796141022757
8796107945181
8796107969397
8796112269854
8796127936412
8796095222664
8796142513518
8796115895596
8796095680670
8796144606259
8796154066907
8796108250448
8796109988576
8796121708246
8796134522756
8796139730928
8796125888941
8796158329109
8796151545895
8796109346543
8796105608211
8796120371341
8796129711659
8796112617495
8796096962792
8796115179840
6258054693806
8796133448508
6257470457848
8796093696088
8796123990670
8796099227205
8796117393238
8796109168052
8796102830836
8796143389628
8796139089299
8796148921012
8796124141161
8796111045606
8796121922247
8796121254728
8796143040385
8796131120952
8796146561514
8796140317921
8796096545693
8796133299000
8796131994555
8796146925049
8796149508525
8796103177554
8796116023646
6257479793164
8796121344266
8796109847254
8796139229517
8796133660092
8796123053534
8796117179738
8796124519634
8796128708705
8796143100200
8796109404956
6257479367681
8796104020583
8796158070603
8796093203699
8796153626567
8796144424269
8796128250014
8796142374512
8796096578485
6257530797271
8796138822397
8796153105155
8796124981168
8796117086046
8796157813834
8796122775231
8796143212851
8796112887068
6257530673218
8796124781161
8796124461764
6258056358605
8796150413747
8796117583155
8796099411847
8796105444651
8796102279365
8796110921650
8796093601871
8796129447760
8796150449847
8796110540585
6257468694826
8796091883565
6257468210430
8796136048098
8796144184629
8796092955821
8796124558311
8796110783356
8796138150250
8796094714838
6257466722493
8796133658048
8796109177496
8796127848806
8796097665822
8796144696927
8796107671036
8796100741386
8796094453801
8796149410346
8796115142518
8796123606452
8796112208637
8796105069389
6257517408600
8796138592557
8796114606968
8796105712155
8796121295545
8796135144436
8796156382440
8796134123298
8796148270016
8796152556784
8796143547432
8796130385419
8796110927801
8796104850240
8796112409256
8796117886165
8796095270518
8796131427601
8796101243164
8796107671039
8796147440863
8796117373425
8796117158250
8796113166046
8796112313222
8796140757479
8796115553043
8796099222834
6257479903848
8796119918828
8796097900188
8796120857336
8796112406641
8796110253001
8796138684352
8796105019270
8796149597019
8796124943795
8796132692275
8796130445707
8796110525021
6257532126657
8796091503770
8796133414438
8796137667671
8796093018495
8796140364279
8796151676563
8796112261631
8796149279911
8796145398634
8796136592940
8796104912812
6257478148571
8796121967820
8796147856570
8796154306091
8796157628728
8796106733069
6257518063236
8796148180195
8796144517366
8796137018879
6258055042104
8796107443557
8796119853619
8796090128652
8796106786211
8796102098786
8796140847970
8796140740886
8796142802685
8796143032510
8796147616011
8796103384926
8796121191047
8796115414567
8796101220346
8796133846326
8796140542265
8796107549960
8796124924163
8796148857771
8796101247182
8796146872726
8796133533347
8796150458889
8796102704388
8796126668853
8796117675217
8796151123071
8796130485495
8796107116370
8796109233017
8796140101511
8796145613134
8796100288230
8796151596183
8796139235614
8796142358118
8796129889667
8796135537368
8796099250411
8796151965314
8796144662655
8796097898872
8796148216166
8796109461354
8796154178877
8796128092996
8796103862483
8796156444517
8796103685363
6257530871298
8796136465424
8796099443210
8796110301260
8796142408998
8796103053932
8796148266639
8796111751491
8796128254354
8796151821944
8796151274791
6257532317122
8796119894263
8796154765787
8796113154098
8796101398131
8796154100654
8796105715304
8796091549787
8796128813633
8796112139288
8796110009046
8796112122575
8796117168820
8796111138371
8796126810552
8796108451769
8796109511077
8796108105814
8796101627077
8796111933721
8796106037817
8796112511868
8796098838289
8796107047558
8796099397227
8796107862589
8796118960542
8796131567081
6258056703843
8796107776955
6258054705874
8796101463023
8796109072932
8796104943330
8796109569978
8796111207265
8796094753423
8796108918325
8796111199470
8796117618642
8796146560790
8796117340225
8796104447735
8796094957602
8796100397979
8796115723588
6258016013267
8796128584720
8796107931289
8796119169783
8796134178153
8796106211193
8796154517172
8796135995242
8796102522346
8796145228783
8796146164609
8796105631487
8796114441167
8796122301151
8796146772157
6258055218648
8796126075616
8796154785924
8796096710616
8796115226396
8796122439072
8796113307752
8796132364701
8796148343759
6258016435038
8796095624306
8796120882357
8796123426032
8796104482211
8796133295806
6257468256733
8796131461077
8796108829748
8796159337025
8796146473398
8796123201613
8796149695731
8796144712587
8796135542878
8796126617131
6257517685443
8796104943493
8796124812357
6257469454876
8796095164759
8796105704534
8796151906981
8796099690553
8796131414818
8796108911917
8796140652314
8796136530113
8796118568954
6258056381418
8796121397315
6257516751211
8796133439230
8796114581643
8796110547624
8796113084804
8796103986310
8796090231101
8796157800956
8796106911983
8796095591178
8796145686464
8796123869333
8796152187057
8796120357948
8796127399805
8796116727368
8796100073989
8796098756691
8796120916432
6257469477505
8796143652201
8796158172044
8796157144567
8796117819093
8796157743401
8796121453423
8796143235447
8796091434448
6258055626241
8796103375853
8796131656745
8796102405285
8796143407396
8796124842456
8796141071152
8796104744288
8796122980323
8796111425827
8796143827157
8796091568587
8796157533057
8796137573352
8796099894125
8796134893631
8796098257261
8796105210258
8796149454514
8796122821410
8796148085078
8796113144043
8796110549252
8796132631738
8796100973645
8796110738805
8796097680988
8796119311577
8796108150165
6257531080886
8796109605394
8796134447161
8796106159126
8796111420606
6257532042874
8796146963728
8796114177758
8796120971080
8796138020019
8796117431787
8796123390467
8796132667095
6257479129107
8796105433915
8796139476190
8796106054574
8796136663202
8796142093202
8796148535973
8796103360002
8796147056969
8796104968238
8796151236697
8796107894551
8796144593964
8796114235815
8796090136388
8796102413737
8796091956575
8796155897888
8796115644390
8796153242059
8796090046093
8796122040146
8796130479134
8796099983401
8796118855380
8796133932376
8796130140152
8796143015097
8796114129821
8796107449776
8796141061488
8796130145311
8796109947625
8796098930160
8796149483907
8796143709632
8796138087802
8796153651847
8796134905651
8796095560385
8796108141630
8796153404825
8796111192607
8796130754832
8796160023131
8796150324435
8796109661323
8796120230612
8796099451804
6258056561587
6257529447116
8796092384386
8796153104809
8796108266015
8796148830558
8796108804643
8796098444291
8796144641193
8796157427742
8796142819758
8796118734175
8796143979769
8796109911812
8796116510592
6257517823685
8796110724147
8796093807752
8796109494610
8796117933427
8796095471593
8796105141928
8796095181930
8796138094810
8796126361996
8796119377604
6257478725761
8796091639281
8796101686199
8796109427673
8796093714351
8796099708473
8796123084021
8796097123892
8796095585639
6257465559609
8796127787017
8796096939836
8796114721766
8796124578165
8796113478768
8796110608503
8796099256720
8796138418590
8796155076127
8796101915525
8796098783030
8796097937719
8796139608207
8796154293622
8796101172841
8796144200245
8796142181735
8796126191629
8796138669656
6257518702616
6258056384155
8796114402331
8796106555665
8796152184968
8796112475902
8796116349524
8796098884567
8796115216486
8796116228969
8796102406083
8796150063853
8796149396195
8796110095761
8796118634709
8796107225349
8796118584022
8796106198810
8796091250045
8796097886127
8796120487031
8796137573351
8796138467095
8796136504196
8796099314699
8796120327497
8796157426752
8796101940204
8796146767375
8796109802531
8796123371229
8796104203502
8796145091268
8796125621582
8796157441534
8796096062850
8796135511717
8796142802693
6257468102463
8796120843345
8796133551092
8796157059006
8796106869802
8796134459545
8796114166867
8796103614235
8796112131333
8796118409789
8796125834998
8796135990187
6257469533523
8796121715786
8796159292284
6257466020066
8796113497878
8796102568804
8796134820244
8796100207881
8796109945257
8796120107491
8796152121764
8796132426412
8796097800454
8796089763060
8796121878973
8796099738098
8796144951092
8796109825406
8796144196076
8796145941529
8796136766028
8796123879083
8796120419915
8796100202489
8796113512767
8796119908082
8796115449682
8796122781512
8796142393698
8796130114311
8796147184582
8796095904804
8796105405808
8796106040244
8796141634474
8796101476184
6257530509452
8796111537084
8796111655704
8796153555582
6257516320066
8796129136554
8796131338713
8796153949871
8796150657153
6257479111479
8796132506014
8796106332221
8796158575181
8796108677218
8796138303911
8796145051148
8796111481108
8796113492670
6257516159944
8796107054367
8796104228928
8796143723303
8796101849114
8796100375151
8796102416742
8796101362788
8796140138860
8796105064508
8796123479324
8796102890199
8796111884064
8796156219767
8796136151145
8796124740750
8796116229541
8796098063936
6257478631574
6257518689451
8796121357148
8796102583626
8796115188484
8796151545409
8796149374049
8796139691983
8796105666707
8796142394431
8796137456683
8796146172540
8796109385582
8796143950044
8796103853550
8796110381983
8796145004557
8796119315023
8796141936938
8796121779276
8796140550503
8796135626442
6257515972848
8796146470738
6257467578184
8796141536963
8796116933488
8796109885603
6258016387045
8796104341574
8796133600601
8796125690246
8796135792594
8796129719219
8796120063881
8796118964273
8796115592153
8796103822195
8796133213362
8796129635609
8796136555894
8796135921333
8796109577710
8796100323909
8796119647571
6258055542214
8796101628041
8796141519204
8796100254893
8796131579409
8796102356020
8796155340246
8796137303717
8796134555802
8796112173188
8796141370633
8796100118073
8796127790448
8796115975653
8796124831306
8796098192882
8796131968709
8796147412661
8796135668059
8796139735070
8796107002453
8796136990298
8796114870758
8796155487025
6258055049854
8796104650568
8796153210324
8796133450264
8796129838803
8796142439446
8796128908379
8796126884388
8796144268053
8796120823584
8796153085569
8796095310437
8796099301181
8796108212788
8796123765410
8796158714468
8796104587590
8796152953349
8796130089082
8796091726821
8796117612123
8796105225887
8796110336291
8796095616256
8796135361678
8796124141371
6257479901476
8796110549733
8796120681297
8796142623001
8796118264646
8796105312638
8796140715959
8796132259597
8796135170987
8796139731369
8796095545163
8796135962346
8796102022990
8796139827603
8796119032670
6257479313556
8796144695546
8796094843844
8796113184783
8796133500113
8796146498077
8796113190853
8796117378670
8796155552077
8796111152851
8796097644022
8796092937499
8796133447864
8796095934669
8796113514154
8796152645270
8796111485285
6258016630874
8796107131136
8796094605609
8796113392039
8796096362014
8796128257723
8796126805103
8796103388789
8796151095113
8796104216046
8796152398568
8796132826322
8796091482797
8796090909744
8796109745882
8796136466775
8796102342064
8796146202383
8796140696534
8796099000001
8796149215471
8796132493663
8796144772241
8796135370099
8796107324742
8796127034473
8796093808757
8796145686471
8796137605439
8796093872874
8796112707922
8796142096040
8796139047302
8796153894775
8796107157963
8796110623889
8796132001533
8796089703465
8796096137365
6257519060981
6257517120768
8796098466781
8796104143417
8796116924124
8796143479548
8796090540876
8796092337070
8796105420717
8796133999621
6257532032690
8796143891729
8796135474436
8796100944115
8796136816555
8796156159740
8796097790498
8796135747744
8796129410489
8796126013266
8796147144302
8796120799065
8796113105292
8796113632918
8796134911918
8796120063885
8796119090823
8796118020965
6257478178509
8796126306260
8796116940609
8796153567350
8796107520902
8796145711448
6258054735235
8796111858964
8796109834997
8796095771882
8796130116488
8796156375436
8796156460290
8796107679270
8796137770603
8796100669438
8796113144427
8796101747236
8796139475178
6257529367174
8796139083170
8796145913336
8796147063217
8796144382485
8796111096546
8796132715888
6258056673303
8796116299907
8796099585862
8796115029044
8796100037869
8796154430817
8796147533895
6257468382982
8796106982774
8796143497595
8796102103778
8796155951836
8796106723559
8796154833134
8796105112713
8796100724522
8796140637364
8796100615058
8796150892097
8796092035972
8796095949468
8796122976803
6257532020910
8796104351352
8796135547757
8796121670141
8796099865846
8796108657257
8796097984981
8796119827808
8796149351033
8796096522072
8796133910428
8796121055179
8796095860401
8796117530451
8796104676665
8796143446782
8796111564877
8796110935600
8796097237400
8796110184110
8796153998269
8796101717797
8796107874881
8796106294909
8796101402082
8796110361502
8796152187043
8796130335677
8796126210689
8796114713613
8796108990372
8796091789030
8796127460021
6257518932137
8796110351231
8796113323317
8796141734095
8796121924869
8796105420733
8796142772317
8796102695133
8796098258614
8796154629544
8796124782021
8796133159500
6258054661687
8796095393854
8796112599760
8796150242117
8796107995032
8796111031172
8796145909543
8796150927225
8796111411629
8796100188214
8796111470509
8796152196857
8796137169322
8796117336981
8796109491883
8796150578885
8796115873800
8796116124291
8796091251782
8796099738092
8796131920458
8796149101738
6257516158859
6258055843758
8796140080649
8796111370425
8796116597373
8796108363878
8796094889337
8796134497459
8796154337670
6257478824907
8796129602227
8796097518911
8796153203219
8796129841553
8796119910261
8796142417810
8796145193788
8796097028067
8796106576038
8796155746007
8796144401718
6257529822096
8796142375690
8796090866319
8796123759209
8796129657496
6257466430346
8796141482154
8796145513065
8796111301466
8796138712465
8796148746026
6258016357092
8796129971877
8796118789449
8796122589963
8796107120481
8796133402890
8796135207435
8796149394399
8796109768128
8796117083032
8796094609889
8796111098761
8796132706045
8796144880795
8796108147671
8796121575548
6258054847593
8796104477376
8796138585019
8796154865247
8796154443041
8796121746648
8796138442695
8796090854526
6257517311832
8796099367713
6257530965952
8796158781201
8796108200613
8796103311684
8796135138261
8796121049762
8796153334275
8796121353648
8796119750469
8796117534759
8796095364216
8796107837861
8796104078537
8796105897041
8796109600023
8796106154060
8796142578078
8796100659596
8796107007353
8796138388211
8796138425314
8796099516545
8796110402250
8796142837746
8796152287682
8796102568421
8796124441345
8796119940472
8796092220190
8796131107696
8796113388092
8796113671479
8796090736761
8796140732844
6258055631166
8796135741022
8796145322484
8796111960684
8796133746298
8796137957858
8796127405155
8796114366095
8796102836620
8796153505517
8796141452324
8796145979477
8796125898798
8796142282336
8796151991022
8796152487280
8796133697462
8796103581810
8796112463041
8796142734899
8796104675240
8796093655706
8796107695423
8796130482903
8796098441852
8796111660599
8796128192027
6257466600296
8796142862429
8796122657549
8796152917443
8796101978362
8796130925590
8796135609178
8796132047319
8796108331021
8796104774284
8796151339120
8796116121438
8796128175428
8796131023818
8796115796031
8796134831332
8796125132860
8796092694036
8796101178842
8796110002188
8796100553061
8796123608907
8796100606652
8796121380395
8796155640692
8796094855615
8796109468946
8796131204277
8796105468053
8796144745774
8796107019238
8796127929014
8796154348059
8796144650124
8796147328909
8796113775511
8796149576366
8796106310131
8796117867428
8796145240608
8796104301419
8796106671199
8796138299492
8796148657233
8796110594551
8796096179371
8796123813190
8796144503165
8796098047649
8796101603895
6258016792872
8796112586305
8796132596285
8796104598019
8796120434458
8796150765490
8796123475990
8796135375158
8796091447974
8796137954107
8796119401727
8796153485503
8796131853097
8796121045768
8796119011579
8796102723680
6257531026950
8796136278313
8796109470982
8796110807730
6257518059064
8796144637011
8796139646848
8796098216337
8796143652872
8796151169785
8796156342182
6257518921845
8796144132100
8796119918967
8796122991358
8796155596334
8796125023756
8796137502409
8796128376059
8796149739114
8796147888720
8796110244432
8796121963451
8796145091063
8796145606507
8796145479927
6257518465595
8796108949651
8796107115009
8796126904461
8796121045777
8796139880128
8796115392555
8796110092307
8796109677634
8796146694393
8796105387366
8796095648784
8796101175929
8796102465997
8796129512938
8796137083763
8796115546182
8796152347209
8796150662984
8796136198848
8796126059143
8796137809601
8796111361462
8796113725634
8796136936872
8796122127314
8796117653000
8796152722304
8796106519489
8796108366622
8796094316784
8796153027767
8796099163910
8796116821223
8796106548419
8796113471783
6257516388080
8796116865648
8796124315439
8796135068459
8796124221198
8796128411208
8796105522752
8796121154228
8796102802815
8796101584088
8796105245768
6257517340668
8796119589217
8796114034466
8796138183454
8796126770278
8796154673927
8796145822588
8796105241162
8796157244514
8796110538511
8796109934535
6257518321886
8796105797716
8796111681740
8796144433285
8796113252805
6257479894014
8796100988542
8796092187082
8796145956742
8796154372202
8796116892037
8796154682156
8796129784306
8796105944306
8796113003306
8796096557534
8796133342908
8796091831768
8796144498591
8796115071149
8796100186927
8796101310454
8796151993823
8796141999573
6258016826324
8796117684759
6258016786425
8796092404167
8796138064812
8796110485778
8796158903071
8796096215595
8796157087590
8796111759134
8796132339949
8796147418064
8796102954467
8796132358469
8796132715940
8796145126625
8796146275632
8796144546384
8796110534310
8796145218459
8796111022804
8796128238601
8796116539923
8796150258590
8796098004602
6258054862002
8796131675928
8796114332651
8796158427943
8796104843070
8796117463428
8796133746285
8796118426563
8796126916045
8796134234925
8796119019991
8796092944788
8796118623295
8796110844985
8796141893218
8796141335614
8796134906877
8796107448709
8796095020129
8796120040897
6257465585688
8796108137179
8796143024279
8796138398908
8796153169758
6258055007153
8796105648570
8796116216415
6258056522835
8796094413292
8796154117571
6257517218275
8796152106920
8796109038711
8796092186718
8796131962835
8796121971124
8796146784694
8796140235497
8796108575319
8796113460626
8796142179742
8796092260299
8796148671599
8796110936176
8796151702386
8796105636622
8796097531670
6257466027548
8796152137831
8796106910141
8796098583357
8796104804010
8796110708831
8796111926815
8796130050645
8796093591186
8796112020046
8796111998834
8796135458055
8796153585106
8796096828311
8796109511580
8796093408800
8796108824753
6257468785507
8796152542686
6257467578304
8796097605065
8796134049864
8796105513092
8796095048531
8796113671485
8796102256820
8796150176160
8796145413261
8796136141293
8796109755935
8796097667798
8796140972661
8796103554899
8796157625012
8796124091526
8796148350847
8796097174042
8796128352887
8796101855958
8796127844797
8796100147761
8796104330769
8796107040818
8796107771275
8796124622445
8796125127552
8796119232200
8796098823620
8796135023807
8796158713149
8796112160937
8796119586630
8796133019828
8796150458048
8796123314559
8796143917802
8796098576872
8796112833068
8796144017254
6257467424554
8796142631766
8796098650367
8796125728614
6257531107741
8796106605343
8796138988384
8796094147267
8796154638471
6257468474486
8796105871913
6258055148691
8796151497689
8796101074876
8796102920389
8796112154843
8796105590342
8796146300703
8796155883383
8796147971123
8796155325383
8796151274797
8796142543265
6258056352333
8796132000953
8796111226825
8796107786011
6258056607196
8796135966269
8796156289642
6257518911164
8796155179876
8796141788823
8796114284454
8796103568377
8796133014744
8796145286395
8796106807354
8796154522094
8796149348334
8796113865617
8796155869172
6257479992726
6257516161134
6257529596474
8796120965976
8796123879100
8796109104677
8796105664250
8796134135978
8796138044920
8796116816547
8796133203815
8796110503819
8796133819500
8796106363484
8796118900353
8796100765147
8796148247328
8796150484721
8796138515864
8796121826596
8796142457567
8796140623581
8796157562900
8796142922738
6257517649697
8796151735616
8796118051480
8796110297589
8796156490507
8796119293861
8796141128536
6257479200450
8796151795031
8796146946417
8796120092608
8796124492000
8796148255800
8796131999180
8796156474043
8796122893830
8796111860175
8796112635853
8796130094605
8796108104505
8796109264445
8796110077822
8796108429659
8796111144909
8796110110725
8796135228250
8796131908797
8796149590324
6258016395087
8796135282484
8796108445376
8796149665250
8796144319151
8796106274678
8796145936998
8796106521093
6258055303766
8796127472706
8796109740695
8796139296415
8796149592604
8796140386794
8796141182766
8796098656283
6257517837487
8796137086491
8796144885528
8796139984028
8796101720127
8796102103912
8796094560467
8796142574763
8796109111155
8796134852749
8796144796577
8796135379796
8796132549843
8796123387036
8796096891455
8796139910131
8796136783916
8796115513776
8796147119496
8796161218804
8796092160245
8796147453063
8796107588694
8796109066712
8796151630356
8796108647315
8796138615115
8796116806814
8796127990626
8796156435388
8796159778901
8796103900343
8796099937301
8796132549188
8796155037841
8796155008421
8796108650476
8796141459392
8796102114542
8796131185554
8796091621042
8796120970054
8796146411620
8796122353484
8796114975183
8796144275473
8796110244670
8796105402909
8796102197813
6257479287498
8796137986769
8796123967950
8796129298854
8796097166716
8796125501606
8796108196081
8796125861202
8796108186115
8796122439067
8796125509197
8796151894194
8796133634701
8796122981910
8796153730071
8796139899453
8796121892004
8796132766514
8796127456926
8796124848592
8796154503089
8796104081519
8796128540721
8796111644548
8796121273778
8796104413036
8796159238274
8796137056834
8796105234544
8796153046057
8796108270734
8796144377778
8796108931790
8796103002503
8796104398627
8796146400589
8796123027482
8796155996805
8796116546887
8796102307006
8796119125765
8796090464738
8796095280968
8796109552527
8796099430232
8796107009896
8796091494942
8796135025641
8796148246162
8796109765540
8796122781520
8796119463337
8796113269035
8796145589795
8796132692138
8796135615596
6257466796987
8796131358098
8796139683409
8796099585690
8796104880329
8796106949504
8796109860114
8796103842286
8796101612355
8796145176821
8796101511409
8796154655467
8796105466154
8796143317677
8796123971884
8796111136402
8796132895165
8796114584136
8796130887597
8796154789143
8796110108109
8796101648883
8796115334334
8796124177792
8796148660328
8796118313436
8796143864678
8796149042168
6257516086094
6257467420314
8796121486214
8796100103458
8796145033110
8796114904457
8796114400162
8796148067753
8796155414835
8796090469894
8796133722134
6257470311591
8796109442933
8796116618830
8796108386743
8796106490671
8796156077048
8796109985198
8796143941953
8796119788926
8796131345568
8796112450260
8796109266609
6258054651450
8796098262123
8796125666287
8796141116414
8796098588463
6257480438710
8796107885945
8796128904439
8796109988555
8796110418032
6257480495176
8796121111121
8796099643695
8796152374542
8796104099501
8796110482945
8796114122798
8796144797407
6258055524547
6257467513367
8796104989656
8796138203233
8796138239630
8796114148910
8796145539749
8796109933340
8796150735288
8796115010405
8796146668999
8796142795306
8796152397412
8796102142496
8796129265296
8796108233618
8796110551338
8796103577549
8796125516293
8796120497100
8796143564444
8796095586185
8796123567513
8796127716040
8796125682625
8796144695548
8796116271830
8796147568172
8796140031413
8796116081187
8796104164706
8796143709607
8796111425115
8796150936099
8796104215803
8796155349195
8796120934811
8796107007020
6257530792459
8796107433343
8796096888644
8796155432419
8796111172733
8796132006725
8796137779994
8796148978066
8796150657300
8796131274179
8796104914685
8796129985299
8796128953857
8796131551319
8796136961747
8796141450325
6257479075843
8796146592876
8796125432255
8796160127968
8796137230727
8796102879101
8796092316607
8796097185379
8796138797206
8796100066935
8796141970427
8796091411252
8796108650479
8796143234193
8796111275448
8796135431541
8796151962411
8796096847780
8796102522716
6257466894193
8796100572072
8796120635691
8796108074452
8796155410133
8796093492613
8796133814882
8796111491142
8796147033602
8796130244161
8796127475068
8796104387920
8796096638051
8796103639461
6257468701744
8796119570422
6257517577803
8796142154290
6257465628868
8796121825675
8796148558290
8796098497015
6257465640129
8796135106116
8796127474525
8796129915958
8796116886559
8796141458157
8796114435388
8796128836336
8796126485720
8796114795778
6258055026863
8796143317702
8796121258312
8796141852705
8796108930866
8796147977080
8796110548783
8796126285733
8796096839770
8796122747251
6258016433951
8796096729941
8796155229769
8796134303875
6257532414155
8796121772888
8796120943374
8796147879038
8796093387043
8796120051829
8796124848593
8796122427538
8796100988569
8796146668575
8796118446200
8796107809301
6257468138269
8796125207295
8796133181569
8796127675936
8796149934020
8796147861805
8796095877124
8796109977124
8796158000300
8796099213624
8796111874173
8796131464625
8796112881612
8796104343178
8796144146053
8796123915280
8796142417318
8796099981716
8796108333137
8796154925953
8796148810863
8796135175363
8796103395415
8796107073483
8796101891251
8796131163296
8796128175437
8796151339710
8796149864731
8796105903894
8796107212621
8796139485987
8796142343705
8796141306099
8796145181243
8796111226632
8796150020176
8796144855771
8796121294395
8796106974830
8796154431340
8796145257195
8796107844199
8796142857539
8796133037974
8796148124087
8796106657959
8796117630853
8796134752521
8796156805513
6257516099503
8796135457229
8796110739454
8796138121422
8796110668258
8796096469871
8796105918060
8796110306355
6257481855855
8796144653164
8796144533316
8796130954423
8796135472930
8796123754620
8796105527920
8796139775897
8796131035804
8796130122496
8796140469250
8796144237728
8796139190937
8796117252511
8796152862114
8796150932889
8796099106203
8796113190857
8796153600313
8796153101982
8796122863097
8796117022600
8796095391691
8796149780574
8796131220340
8796138025398
8796125447636
8796106153641
8796116536064
8796128003867
8796103754921
8796138304950
8796150380378
8796143492917
8796120532544
8796149106107
8796095673730
8796135643151
8796102770732
8796129026686
8796144399287
8796114907340
6257467127605
8796105834036
8796102105771
8796141362129
8796146032508
6257470457509
8796106641817
8796150964076
8796136200791
8796150021248
8796136237025
8796122137166
8796131312468
8796127607886
8796109094910
8796131594100
8796111758751
6258055558368
8796139364675
8796114690309
8796114736640
8796149995484
8796138777688
8796155854803
8796150764369
8796104577236
8796110547002
8796121461127
8796153919103
8796133393319
8796102284520
8796144279906
8796150615960
8796157775852
8796116591442
8796113218237
8796157604792
8796113585600
8796104850237
6257465543599
8796149672981
8796135928838
8796095721738
8796141809345
8796099181465
8796114975091
8796151676537
8796125552233
8796107469228
8796132567139
8796152657564
8796102845041
8796128707013
8796152920794
8796151354476
8796123208645
8796155623001
8796114869299
8796156153423
8796095599615
8796138159165
8796147375058
8796120744678
8796142902935
8796107994658
8796149048384
8796094174786
8796153388836
8796101712143
8796146563461
8796139512813
8796134156819
8796106427378
8796139021131
8796110405671
8796099678060
8796130135155
8796106974768
6257478072099
8796111952796
8796143979423
8796103922289
8796144926677
8796135642659
8796156011101
8796126212258
8796097986315
8796151452890
8796118271631
8796148062197
8796109575416
8796157594276
8796151814072
8796157203751
6258056478928
8796100505403
8796098018512
8796098937535
8796144594942
6257479114237
8796124215723
8796109850779
8796143655391
8796095967975
8796096065179
8796153426029
8796150243418
8796116785706
8796114387688
8796103831891
8796155181934
8796106689274
8796102711490
8796094492388
8796108251647
8796151401344
8796135791604
8796103609882
8796130055290
8796107878993
8796104192350
8796110308399
8796102417772
8796093262802
8796149399071
8796159507541
8796124204308
8796114462610
8796111594853
8796138802633
8796146198401
8796112816286
8796121690315
8796131146413
8796127912760
8796108720357
8796152692964
8796116334202
8796112633275
6257477044220
8796135311752
8796159075262
8796129489361
8796151790025
8796123642546
8796111155677
8796125618693
8796157260486
8796119429208
8796109577132
8796108090716
8796155031117
8796122893361
8796149654242
8796091252816
6257467635528
8796144263122
8796134657748
8796115349896
8796112811538
8796116987400
8796092094216
8796110519177
8796158316834
6257479652782
6257531075299
8796128749051
8796106744975
8796146314521
8796097272754
8796111491906
8796132113864
8796148291035
8796117377101
8796115051863
8796144797414
8796120809262
8796154304252
8796150511128
8796153291837
8796149272395
8796127669691
8796120440257
8796130396682
8796138946256
8796099860417
8796108256559
8796111991191
6258055220778
8796113023508
8796112111717
8796140163995
8796121381704
8796105208488
8796131514050
8796118132873
8796108355024
8796107688261
8796102940385
8796100916225
8796141831146
8796107072150
8796123541876
6257469424027
8796149620760
8796125700558
8796105680853
8796131181409
8796142574754
8796116839185
8796135180821
8796125764630
6258016832050
8796126364647
8796118015297
8796110000769
8796107736166
8796155580030
8796103085814
8796114370006
8796148421378
8796109955535
8796104914781
8796154969951
8796127203042
8796100458573
8796104505690
8796143678120
8796107088955
8796108705825
8796120560320
8796094466634
8796121842764
8796153361736
8796124906379
8796155807377
8796107917275
8796148739681
8796134778093
8796129863491
8796108752975
8796111524381
8796139398181
8796113645280
8796137844136
8796106882703
6258054764944
8796089674134
6257517855458
8796126113834
8796134724628
8796123989000
8796117245578
8796147211851
8796155711901
8796109948938
8796147393588
6257530918192
8796141714845
8796154662437
8796120015590
8796121427964
8796098511986
8796096824261
8796142191503
8796106911590
8796106176089
8796127971011
8796157483848
8796122957822
8796124874144
8796135044725
8796140959323
8796112076168
8796152186607
8796110714648
8796139319637
8796120695245
6257531019243
8796114727019
8796139064153
8796109450822
8796112350042
8796144650125
8796156436274
8796110070720
8796114258160
8796134696268
8796134061467
8796103655136
8796098120789
8796091884408
8796111118633
8796135743072
8796141082757
8796142683212
8796150210747
8796157983496
8796104186640
8796110885760
8796147849233
8796133968732
8796135853166
8796128567962
8796115110959
8796109711801
8796109933265
8796155262175
8796158495856
8796095570031
8796134912032
8796118805986
8796132770360
8796145150008
6257468271852
8796108489839
8796111686500
8796100098179
8796132617474
8796103353697
8796133980226
8796140057593
8796105687330
8796153540630
8796132273874
8796100055087
8796107634989
8796103660034
6257479916180
6258056623346
8796096838615
8796121501204
6258055628865
6258055560408
8796097518958
8796102699985
8796119311967
8796108017762
8796129618728
6257517367275
8796126951226
8796091596099
8796111952791
6258016114282
8796144119589
8796092182346
8796134028545
8796092841053
8796109565047
8796099768474
8796132431847
8796103931660
8796123496117
8796109467440
8796144884999
8796119658232
8796120684420
8796117974919
8796103179704
8796090527129
8796154572478
8796142597259
8796125880135
8796154266998
6257468945510
8796106279521
8796110761087
8796094885551
8796155968931
8796104461985
8796113476371
8796138124361
8796119389918
8796144606713
8796122134102
8796140040084
8796094196422
8796119463712
8796147131382
8796093298846
6258056356301
8796127825094
8796142559602
8796133040036
8796130320925
8796094968298
8796139653195
8796122687551
8796151411326
8796159088886
8796129721226
8796105141761
8796137782263
8796109550304
8796135241524
8796104319732
8796092858125
8796104969650
6258054785577
8796146655604
6257466860869
8796147564014
8796098317662
8796146403705
8796098266328
8796149855151
8796096338239
8796148004731
8796108991328
8796152383060
8796094997872
8796142245337
8796154542533
8796141156891
8796142998681
8796126008141
8796108337788
8796152243663
8796114575293
8796115790194
8796096791687
8796094557614
8796090263267
8796129638424
8796108320841
8796127323878
8796151951409
8796105085191
8796132826345
8796089981873
8796109797507
8796148903972
8796113644661
6257468456905
6257465454426
8796090761155
8796109804569
8796133309271
8796138087739
8796142395099
8796140692435
8796114642031
8796105534609
8796137707218
8796100979559
8796099644005
6257465501250
8796137007799
8796156850559
8796105177517
8796100182445
8796145816557
8796107743505
8796126740589
8796108860943
8796116631703
8796104353539
8796151251806
8796156070240
8796113131807
8796100459991
8796101111800
8796127137560
8796099585856
8796140362093
8796120983194
8796116924114
8796145523990
8796110179111
8796105647199
8796148572570
8796115181695
8796112965816
8796133882158
8796101248684
8796126782639
8796143822604
8796111074994
8796139051486
8796135348576
8796108873659
8796123510406
8796134667332
8796109663777
8796100017592
8796156701716
8796129836699
8796133101668
8796137129512
6257516018659
8796127914844
8796142489820
8796155112024
8796102406290
8796127347139
8796153759046
8796097730166
8796116577940
8796119032664
8796098047650
8796142673364
8796144165545
8796095492907
8796130881816
8796119838916
8796118906464
6258055628653
8796156582358
8796125903174
8796105453347
8796126778712
8796145906538
8796109643713
8796120730553
8796118949645
8796147225872
6257532286035
8796132172436
8796119090772
8796118518578
8796093711183
8796152426331
8796100548533
8796103506044
8796153335698
8796134969204
8796128510505
8796139623628
8796104877573
8796112167180
8796102224158
8796110911785
8796144298907
8796160952085
8796098429782
8796101402618
8796106220126
8796103209517
6258054755964
8796138218613
8796140418646
8796100919253
8796155350602
8796144880790
6257516713980
8796150584147
8796141483886
8796102326350
8796130114463
8796098608577
8796155972255
8796144027253
8796133281393
8796125577914
8796127323891
8796099879545
8796107759198
8796145832022
8796120583927
8796138629890
8796097181947
8796143641617
8796116405595
8796128991513
8796092233247
8796136307564
8796153156436
6257517270658
8796105885012
8796135752067
8796118581139
8796113910967
8796147299978
8796104156502
8796121111104
8796123963234
6258016356321
8796108733037
8796110165743
8796152225914
8796132062537
8796154212662
8796127188858
8796129184744
8796098314405
8796141840929
8796150726951
8796123932146
8796155837911
8796151093723
8796156237603
8796107406050
8796101533210
8796147033567
8796109677641
8796109652158
8796106303903
6258054675507
8796112043365
8796104679975
8796114882405
8796142790546
8796110990167
8796119306962
8796107697458
8796095523373
8796099225401
8796108014104
8796102867648
8796100129635
8796098685792
8796141116406
8796142886668
8796129581534
8796126212259
8796107853116
8796127872586
8796136980241
8796107353005
8796133806460
8796128828302
8796157443719
8796111254562
8796115934195
8796125822471
8796158777647
8796109092691
8796092065904
8796151355591
8796139978150
6257470401255
8796099051947
8796106410265
8796158068246
8796122340589
8796109353740
8796104088061
6257472925637
8796147064513
6257530695428
8796093914330
8796151714642
8796100770285
6257479657667
8796097450065
8796097948223
8796118096419
8796104109877
8796096182771
8796104635600
8796093157140
8796151733246
8796117492760
8796134952166
8796109211847
8796128109691
8796108632179
8796110253083
8796128754828
8796134531070
8796104600648
8796132782493
8796099679829
8796097440608
8796154836611
8796119118801
8796125569706
8796110127164
8796151734465
8796146507810
8796102206023
8796150526044
8796093315043
8796159740191
8796103825791
6257531298832
8796158730546
6257479249027
8796107612499
8796092806134
8796108926398
8796096765576
8796096624802
8796103978714
8796107361680
8796098447649
8796131478855
6257468008229
6257479763729
8796098196768
8796099714270
8796135595733
8796092661967
8796120563360
6257478666055
6258054725584
8796092671138
8796130423063
8796127413884
6257530711110
8796145432025
8796093484875
6257465807925
8796101498343
8796146114921
8796126196834
8796100741172
8796147005328
8796106895850
8796106312226
8796122884774
8796144582790
8796154639327
8796146791932
8796098547571
8796123879102
8796109570827
8796098488042
8796113345631
8796089780006
8796135391929
8796098092220
8796107416304
6258016862832
8796113274701
8796105233245
8796098263108
6257481800485
8796108637770
8796105816896
8796105651044
8796146625798
8796144947263
8796128633375
8796131853436
8796101237013
8796139199722
8796124092120
8796110646366
8796123943048
8796145439501
8796100906689
8796091269070
8796114024122
8796135016737
