8796100378394
8796109807772
8796092445408
8796090783945
8796100559427
8796110780480
6258145476728
8796110192344
8796104174838
8796096193235
8796094877479
8796109994522
6258145327067
8796101483920
6258148998545
8796108615386
8796103863801
8796097141485
8796095197726
8796098513147
8796092242589
8796110225012
8796104841700
6258136906317
8796094521506
6258136794733
8796095662786
8796104128834
8796111522054
8796100512044
8796098457001
8796111932111
8796112672460
8796111416342
8796109305215
8796108980237
8796105464230
8796108729350
8796109123197
8796104691253
8796102913577
8796095703001
8796110553005
8796104147570
8796097514317
8796094583150
8796102923238
8796092348106
6258159682337
8796100949548
8796101222214
6258152671778
8796101653885
8796093640189
8796106493514
8796091601269
6258143997920
8796101513448
8796111260318
8796101468123
6258136782536
8796102547858
8796096673378
8796101582739
8796107089841
8796108674606
8796102747987
8796090728215
8796110000656
8796103418669
8796103409197
8796097126351
8796105052790
8796108624117
8796098531594
8796105549222
8796093886769
6258159286181
8796102775936
8796101694105
8796100648947
8796097561389
8796098154940
8796099458783
8796092244468
8796100044804
8796100632018
8796101727717
8796092363566
8796102753919
8796105936926
6258139638367
8796100245158
8796103426923
8796107344016
8796098300410
8796107072848
8796098774143
8796108164729
8796099255171
8796104328029
8796110623569
8796102941757
8796097460938
6258160989795
8796103560326
8796098867692
8796092274890
6258143971399
8796109500584
8796101355283
8796109915088
8796097765686
6258137567514
8796099233216
8796101625038
8796103042159
6258145439638
8796109724746
8796100598052
8796110143733
8796094841916
8796107904569
8796107158006
8796110524245
8796109088888
6258145438753
8796107604387
8796101024214
8796104087241
8796102389769
8796105352773
8796102781757
8796100600710
8796098853027
8796102940679
8796099895172
8796094941046
8796106884795
8796110485685
8796103193334
8796105145047
8796107189370
8796095700745
8796103981924
8796112302831
6258157378462
8796113446356
8796097675994
8796092422203
8796101694454
8796093822069
8796100110542
8796098520660
8796108871069
8796102966327
6258143510503
8796100257375
8796099126126
8796099315822
8796095536355
8796103195439
8796100134005
8796111629008
8796091729883
8796089677967
8796097065251
8796097036808
6258145258228
8796106315181
8796097901653
8796096246619
8796096518924
8796094583903
8796094738500
8796101878738
8796103270638
6258129460003
8796103611727
8796108167396
8796093634904
8796097164685
6258161586357
8796095587521
8796102958448
8796105374796
8796108158188
8796098651132
8796094886775
8796101551000
8796109261822
6258137942358
8796104457439
8796109693375
8796110015958
8796108332413
8796106082519
8796110677604
8796094015932
8796111359030
8796091103422
8796098312537
8796093366540
8796094474388
8796108528001
8796090984232
6258143296553
8796108366130
8796110705738
8796111863311
8796105552015
8796110169362
8796108770576
8796099696842
6258146879957
8796099348881
8796093740351
8796107702287
8796100710724
8796092131106
8796102243312
6258145242846
8796107459271
8796106971684
8796110295494
8796101374287
8796100866156
8796090415989
8796096164370
8796097845006
8796095320121
8796103764499
6258144368470
8796103496919
8796100377693
6258137944152
8796094277173
8796097044539
8796094970189
6258145796089
8796101396356
8796110284168
8796105472302
8796097892191
8796091912684
8796103919354
8796100306973
8796108503582
8796103380313
8796097523317
8796108883558
8796096748247
8796099071576
8796102721362
8796104359968
6258151812655
8796097909727
8796105720568
6258137633108
8796108922845
8796108760515
8796106908789
8796108725359
8796103230365
8796109367380
8796100070792
8796103052504
8796096547045
8796103011764
6258161183688
8796093238721
8796111030825
8796102757226
8796108091700
8796100165283
8796108436208
8796091013306
8796096557630
8796100789546
8796097717976
8796099571950
8796102624108
8796106259009
8796102103296
8796092803842
6258110891153
6258137179838
8796095169772
8796098829132
8796103483574
8796099703499
8796094410094
8796102394249
8796103817617
8796096748580
8796102217178
8796110163597
8796112588011
8796098827053
8796109914704
8796098607554
8796100186253
8796102387981
8796109661271
8796107841151
8796107241338
8796112263038
6258144504252
8796107062458
8796107235314
8796109363834
8796097550292
8796100535892
8796111166846
8796111123658
8796102322901
6258159735966
8796110901185
8796106963154
8796106384338
8796110600071
8796105001299
8796107935883
8796097138871
8796098308399
8796103571636
8796102880098
8796104744706
6258161377762
8796109377680
8796095125724
8796101493925
8796108998513
8796099372467
8796101092903
8796093755805
6258160816732
8796095380161
8796109085802
8796100846557
8796097837641
6258138377430
8796107497389
8796109090073
8796103409598
6258145434916
6258136826917
8796097472686
8796093948861
6258160394573
6258135599744
8796106891236
8796106125849
6258152114234
8796100917523
8796095972450
6258152035485
8796097422815
8796109928362
8796105931169
8796095338944
6258152719911
8796103512553
8796102785171
8796097906013
6258151698152
8796093497498
6258146727739
8796101267266
8796105040152
8796093741844
8796101137440
8796094990515
6258060713310
8796099466109
8796099520750
6258151892339
8796101103855
8796109695451
8796104075719
8796102932414
8796104287900
8796104953601
8796102121355
8796106026751
8796097242432
8796108362095
8796100666468
8796092312409
8796099946350
8796096378127
8796101927157
8796096833419
8796110034466
8796104844503
8796092164854
8796109101655
8796105761956
8796098389277
8796104980690
8796100126689
8796096658967
8796102313639
8796092996790
8796097715885
8796099488508
8796102971247
8796110050041
8796100386808
8796108591163
8796100289343
8796111603614
8796098185208
6258161417348
8796106641248
6258145127353
8796095440599
8796107649194
8796108987449
8796106389012
8796098963734
8796103089458
8796097043482
8796101086125
8796101295423
8796097755957
8796100073975
8796103683928
8796110807283
6258149907896
8796104501531
8796106238744
8796100179162
6258129393350
8796096822748
8796100687890
8796099260070
8796097880100
8796104462326
8796094725532
8796100006602
8796107484399
8796098829257
8796091476765
8796100827808
8796104945202
6258160425977
8796098624765
6258157207427
8796111261208
8796101713268
8796098106256
8796090655332
8796110187756
8796102966644
8796106952222
8796101213720
8796108813802
8796106581975
8796101544475
8796095620117
8796107880863
8796109935847
8796098880725
8796105082814
8796099636074
8796099632778
8796096720785
8796094257342
8796104079336
8796093842270
8796107805691
8796100502872
8796109507867
8796111100978
8796108549709
8796092540541
6258144709664
8796091794709
8796109292256
8796111337539
8796111181365
8796101217152
8796110291347
8796108455132
8796105909609
8796104243196
6258148137052
8796094774762
8796107022923
8796109352773
8796109533729
6258152883920
8796095050225
8796109994857
8796103915579
8796110966359
8796097673965
6258151636109
8796103280124
6258152601436
8796101758908
8796090679060
8796104953107
8796097376056
8796100611242
8796108090795
8796102357888
8796108632258
8796099943019
8796103320797
8796102111436
8796110419746
8796104801880
8796105910622
8796100566954
6258154652988
6258148902691
8796111361142
6258151544615
8796111229947
8796093877569
6257388583357
8796097012968
8796104844420
8796104435714
8796102931275
8796112129452
6258136581867
8796101829796
8796098859019
8796099216833
8796104489272
8796095756250
8796099864524
8796094621102
8796103280117
8796094445631
8796100067614
8796095888407
8796102490960
8796102393951
6258160369594
8796095278790
8796108921417
8796097675329
8796104332260
6258137787341
8796094910209
8796101216195
8796096108244
8796107626658
8796106845219
8796109440377
8796093995093
8796107938914
8796094065163
8796100071102
8796106996325
8796102077589
8796104659964
6258144882628
8796103045755
8796100108101
8796108061582
8796112720292
8796106976099
8796101248988
8796096931934
8796099957512
8796106111496
8796106396727
6257387889914
8796106753193
8796095793263
8796103540443
8796097816922
8796104471864
8796108423503
8796104121490
8796100688145
8796101794534
8796098412239
6258161603333
8796091080829
8796099290393
8796092210647
8796094250228
8796103962194
8796107396833
8796092310802
8796104614452
8796098002303
8796111667611
8796103337564
8796097136833
8796102181619
8796094490669
6258129495389
8796104584393
8796102269657
8796092205204
8796093467175
8796097112788
8796099661559
8796097186795
8796102625409
8796102400988
8796094484739
8796094381299
6258138058766
8796111608690
8796109533209
8796110990204
8796095004210
8796106124817
8796097403368
8796101578663
8796106405726
8796107866879
8796089866973
8796106393552
8796097191269
6258145464118
8796106162628
8796104924588
8796105010179
6258145800714
8796111710594
8796096700149
8796107332443
8796100767251
8796095526770
8796094778150
8796107675665
8796096759168
8796102773925
8796105005190
6258143325527
8796102981366
8796103285586
8796108557032
8796096598095
6258137937855
8796101312873
8796107874551
8796091212303
8796101619904
8796096193393
8796104573128
8796108007977
8796099790747
8796095619820
8796098227615
6258154159056
8796092050327
8796099157294
8796099609391
8796108258596
8796093995831
8796101356046
8796110676974
8796101457184
6258151688946
8796090231032
8796100111542
8796098410619
6258145736923
8796096346919
8796095449344
8796100036498
8796109321611
8796101382518
8796105901558
8796098590854
8796108099460
6258137519119
8796098508023
8796101250280
8796108133162
8796113496119
8796104640178
8796105223135
8796108116978
8796110175836
8796098854583
8796101170250
8796090608793
8796094705780
8796108480229
8796097956760
8796096702183
6258111752073
8796094444334
6258137979449
8796098721356
8796095732438
8796102925649
8796096746581
8796105870729
8796105085470
8796103680577
8796100193898
8796100830521
8796090935201
8796103144790
8796095018401
6258157537045
8796097836804
8796105790622
8796111765275
6258138100042
6258143510177
8796109140432
8796092897498
8796100901219
8796099178815
8796098315659
8796095256917
8796102791875
8796107349928
8796100997335
8796090070268
8796096792774
8796100689538
8796097588168
8796099002130
8796094167815
8796098565201
8796109520488
8796104170272
8796103185542
8796109122540
8796108605196
8796109780436
8796104158318
8796099894386
8796102200058
8796100943741
8796090271060
8796101189213
6258138354345
8796104555539
8796103639300
8796093235696
8796110243317
8796103915936
8796102144355
8796100407033
8796106184922
8796108695202
8796090217086
8796096081785
8796090705879
8796102807728
8796106477542
8796108721898
6258152290110
8796091552407
8796100737023
8796100629754
8796105644385
8796095052758
8796099316357
8796099006448
8796103145885
8796102456449
8796113049847
8796093367341
8796101140701
8796097894406
8796095353202
8796094576986
8796090440984
8796095142130
8796103330147
8796104665271
8796104410768
8796094799411
8796103185012
8796094613400
8796109207820
8796098318126
8796094711262
8796094415670
8796111239289
8796095905779
8796103720165
6258129112936
6258147939623
8796101507886
8796105788943
8796097535314
8796101267956
8796093272465
8796093208531
8796096905465
6258146740308
6258159403275
6258160089728
6258136661664
8796096165003
8796097287908
8796102825775
8796097814110
8796099709953
8796107379838
6258145261726
8796101456256
6258149886361
8796096519903
8796098003202
8796108815378
8796095870905
8796097033438
8796101356034
8796100728827
8796103474146
8796103096923
8796103114751
8796108611768
8796108406372
6258154417657
8796106114465
8796099782824
8796097355814
8796101959610
8796107987602
8796098308722
8796102042768
8796101116495
8796100950475
8796107845006
8796102461474
8796102783047
8796098134361
8796101195103
8796104250277
8796102971850
8796103379110
8796099400066
8796107410527
8796101723322
8796102706863
8796108424210
8796107346621
8796092018013
8796091598032
8796107409406
8796102459658
8796100705185
8796109612625
8796107535098
6258145510916
8796100094835
8796095171266
6258111506332
8796111433872
8796106011027
6258143286358
6258154449871
8796103847830
8796105166580
8796097431878
8796096912841
8796109762353
8796101441107
8796107196430
8796113167592
8796101997990
8796100254947
8796102576519
8796095524890
8796112508087
8796100660460
8796100754711
8796109932722
8796100938946
6258151940047
6258144951142
8796098138880
8796107337405
8796095868968
8796109889857
8796102746240
8796100135568
8796096559553
8796097943547
8796102707036
8796090916503
8796104072868
8796102456224
8796104837480
6258148971362
8796102727962
8796100405483
8796097067227
6258060718093
8796097893149
8796094054198
8796103232804
8796100213400
8796108225649
8796110217126
8796108596466
6258148985717
8796097623826
6258136885149
8796109220083
8796110772287
6258146745438
8796097623689
8796103119036
8796110836524
8796105433391
8796103394236
8796108874869
8796108208775
8796105751455
8796103218682
8796095303880
8796107982778
8796102384966
8796111240565
8796110535965
8796097416046
8796099861203
8796096844816
8796097078265
6258136631021
8796095794142
8796097760160
8796110525574
8796102373660
6258143297607
8796095428538
6258160254338
8796094233049
8796104758578
8796107028745
8796111649028
8796110776616
6258144575773
8796107423639
8796103459678
8796103157224
8796098882506
8796099594401
8796096584376
8796101892769
8796102779775
8796102098719
8796102312027
8796096101926
8796100318527
8796091054974
8796108832426
8796107204065
8796098125454
8796104850083
8796109872275
8796104077066
8796100694507
6258143895900
8796102754709
6258110835259
8796100786156
8796103286887
8796103319007
8796098129436
8796093142015
8796103306527
8796107458641
6258160519183
8796099417879
8796094880254
8796101833609
8796101023401
8796100457045
8796107409634
8796109845838
8796107119885
8796099545849
8796097730817
8796096751173
8796102068815
8796095990694
8796096300407
6258151929012
8796095081075
8796093220850
8796107646969
8796093782706
8796107016972
8796101317661
8796099831849
8796101589415
8796104983184
8796099014312
8796104213633
8796106866113
8796090606959
8796099349868
8796095549200
6258111764226
8796101998291
8796095329334
8796092808363
8796098550954
8796102843897
8796102990325
8796095057632
8796107841514
8796105946337
8796102614086
8796100344846
6258145894332
8796101002465
8796106834045
6258152744999
6258144381187
8796108866818
8796097865492
8796108006047
8796111914997
8796107333218
8796103884218
8796106339276
8796109042824
8796108554741
8796101828154
8796099948935
8796101920978
8796104805587
6258146771501
8796089792585
8796108946297
6258113173672
8796108379016
8796108920724
8796102283563
8796103834435
8796102349490
6258138167948
8796105637780
8796111836489
8796100616518
8796092899337
8796094062034
8796111101927
8796096439980
8796093493278
8796098028858
8796109254543
8796111991265
8796108098375
8796089493349
8796100836236
8796111120446
8796099634970
8796101963284
8796110152125
8796098853076
8796108480563
8796098694885
8796100318672
8796107930775
8796110877182
6258151752503
8796097872450
8796101896666
8796101625545
8796109067175
6258162495789
8796112781781
8796099897771
8796109249079
8796097507425
8796108364574
8796101693225
8796094836795
8796104341204
8796108940721
8796102493045
8796112613796
8796093572990
8796101021877
8796111773678
8796109162377
8796098331464
6258129446180
8796102727883
8796105718155
8796101660140
8796102266364
8796092524325
8796106973019
8796099203926
8796109274301
8796094670581
8796107831911
8796099276759
8796097043441
8796098833912
8796109263205
8796105417970
8796099834122
8796100254646
8796097338879
8796106112386
8796101935714
8796093822290
8796093922563
8796091800899
8796107586099
8796098667225
6258148923150
8796101066245
8796102642488
8796094507343
8796106823902
8796101763672
8796106404700
8796101322015
8796098569070
8796095936835
8796101456498
8796099924504
8796099124620
8796108390487
8796099635140
6258111522560
8796101050750
8796103191213
8796101685310
8796100088541
8796104050778
8796097933705
8796109324233
8796097703885
8796109534782
8796105574481
8796109650502
8796094730485
8796110797466
8796098535419
8796097261163
8796097841187
8796102256223
8796099373215
8796107223678
8796102494080
8796094524784
8796093943311
8796095027874
8796105151223
8796101663567
8796099149546
6257385883528
8796100233417
8796112239994
8796110778602
8796097486771
8796091814249
8796110840798
8796106740316
8796103288414
8796093475187
8796102312381
8796106371962
6258138087495
6258154326558
8796110870531
8796107780926
8796109059712
8796112015740
8796098468841
8796097340058
8796100105925
8796107265571
8796108313736
8796110972014
6258144734311
8796104528052
8796099148619
8796106682040
8796091465265
8796103250515
8796101664576
8796106024211
8796107897071
8796106516306
8796107411904
6258161238292
8796110071365
6258143668910
8796104393931
8796096528420
8796096408467
6258150150887
8796112798375
8796106068021
8796099636471
8796093081651
8796103914031
8796110803420
8796096005393
6258161190638
8796094237827
8796110485678
8796105131433
6258139657148
8796098105121
8796107766074
6258143961127
8796106131235
8796105434832
8796094579739
8796094272463
8796104668024
8796091356348
8796099721440
8796094536054
8796100135855
8796101989135
8796093885904
8796096635403
6258151603614
8796094945679
8796099871210
8796102754400
8796110174560
8796107247983
8796108759329
8796090821779
8796111722175
8796111931481
8796104118089
6258151814078
8796102383140
8796109957840
8796102533818
8796095849768
8796109851716
8796107171264
8796098201738
8796101793910
8796104077577
8796098991458
8796113043828
6258149131421
8796106224595
8796109896125
8796100113543
8796106115772
8796107307151
8796095275897
8796103218374
6258109511493
8796096998191
6258160267040
6258161203295
8796102399253
8796109253360
8796102040825
6258152923344
8796090935615
6258151781246
8796100341709
8796099443829
8796090152776
8796108539465
8796102424470
8796097213542
8796111640548
8796093269202
8796104714076
8796110134469
8796102393616
6258159120822
8796097747376
8796094235643
8796106076432
8796098122384
8796100505845
8796102253267
8796100113712
8796105924995
8796102385290
6258138226125
8796089859750
8796101591081
8796097416725
8796101488433
8796109200638
8796110166493
8796099571226
8796100160995
8796099715583
8796108097464
8796097310521
8796109366453
8796109663094
8796109473308
8796108315346
8796111004237
8796096735785
8796103111472
8796095580848
8796103572132
8796108920787
8796092126559
6258061281025
8796097581731
6258138380239
8796102213630
8796100350172
8796106577278
8796109056380
8796100096592
8796099316799
8796097043330
8796097675930
8796104511288
8796099997046
8796099890862
8796098533634
8796105564648
8796106067559
8796096224445
8796098545825
8796097022584
8796101230425
8796111259261
8796098240053
8796098563244
8796093200263
8796101144483
8796105468015
6258157631346
8796112063643
8796096027743
8796101315500
8796097747117
8796109899073
8796096588468
8796105076532
8796100317580
8796109874591
6258143227358
8796102862023
8796099517158
8796099380520
8796103029284
6258145666300
8796109891698
8796090876834
8796105149472
8796092610633
8796105275942
8796092747907
8796107552532
8796095511962
8796094435860
8796111478233
8796095941957
6258161389182
8796099439092
8796105027506
8796110582882
8796101252940
6258137606866
8796099486904
8796094483193
8796103818326
8796095185085
8796101219719
8796094411938
8796101163724
8796100615607
6258160954541
8796101589748
8796095210473
8796095139652
8796102048549
8796106679160
6258161397492
8796106636919
8796094154838
8796097815580
8796098506722
8796091163628
8796100576601
8796104345652
8796105688435
8796102042241
8796091542309
8796108615625
6258148023749
8796099618414
8796105773631
8796103452601
8796111932406
8796098543211
8796112140370
8796111587456
8796101763543
8796094348014
8796097558601
8796102352386
6258154451998
8796095693051
8796098199725
8796110471240
8796109282790
6258154495375
8796099420125
8796108295792
6258145872974
8796101654769
8796091368852
8796099274897
8796103189875
8796101071177
8796097249277
8796094411927
8796092959848
8796102040042
8796103128030
8796100065493
8796106474464
8796092053587
8796110326937
8796108324208
8796102179039
8796108480388
8796108051757
8796101928016
8796109038088
8796101902761
8796108149409
8796109329809
8796103567975
8796106515049
8796099348271
8796102861108
8796092873481
8796105278976
8796099807259
8796104216362
8796105806282
8796108722365
8796110731535
8796108048155
6258136798276
8796110689892
8796099610698
6258148026202
6258137792634
8796109976540
8796099299328
8796090221883
8796100827949
8796113297039
8796097120753
8796096914984
8796105935574
8796100861672
8796104282424
8796107011090
8796104770600
6258153899659
8796103811019
8796104907817
6258150033577
8796110685318
8796099259712
8796089892232
6258145451720
8796106667813
8796110680152
8796094581238
8796093142557
8796095536352
8796098185970
8796105419260
8796100849522
8796093017308
8796108748353
8796101496343
8796106371255
8796097278105
8796090799582
8796097251026
8796101843108
8796098246874
8796096157390
8796110866247
8796106544523
8796096225583
8796101186081
8796103606184
8796112865554
8796100645385
8796099345363
8796104572799
8796104997981
6258145782975
8796101618473
8796103810739
8796109022946
6258146768036
8796112582316
8796106068580
8796095059282
8796103113676
8796095648990
8796106493099
8796095472790
8796097522800
8796111308891
8796105226688
8796101109295
8796100183621
8796098205611
8796096069720
8796096280972
8796103929191
8796110859527
8796108512484
8796100273020
8796109290712
8796099347723
8796101831210
8796108721358
6258137424578
8796097873933
8796097393494
6258159541715
6258137540727
8796099888813
8796103906843
8796105981071
8796096732455
8796107598796
8796112440784
8796112647050
8796099898993
8796102393364
8796100760641
8796109714292
8796103416951
8796092459163
8796099177391
8796093613560
8796102182142
6258136859723
8796106912580
8796108149059
8796100314489
8796110920859
8796098590275
8796098745662
8796100109374
8796102053841
8796109605416
6258157467694
8796103692534
8796098021270
8796090908726
8796102146434
8796100282669
6258138410666
8796099586774
8796102359020
8796097626483
8796104792368
8796103518979
8796109456216
8796103157993
8796094870323
8796094944475
6258151907446
8796098331060
8796111929084
8796097629516
8796102930087
8796102463287
8796111294167
8796111144718
8796098936127
8796092704146
8796111062433
8796103240908
8796106587556
8796106774073
8796104208454
8796103961673
8796097729239
8796093909934
8796107334119
8796102718858
8796101826828
6258152720857
8796102633894
8796103646482
8796103795542
8796106856293
8796094936622
8796111857725
8796103108418
8796098435583
8796104249644
8796094684352
8796100907963
6258145994002
6258137694671
8796097655562
8796095739385
8796097343534
8796092378872
8796111031911
8796103077349
8796112953061
8796106017036
8796099515737
8796107280200
6258157562238
8796103120247
8796106483117
8796098253755
8796110425966
8796094940185
8796104333232
8796106185523
8796096147434
6258129427236
8796102285869
8796108226209
8796101212721
8796102066678
8796097825597
8796101089446
8796107575589
8796100673790
8796093822300
8796111413626
8796110286895
8796106487752
8796109718799
8796106788462
8796104556147
8796096481101
8796103303153
8796108115911
8796110136126
8796093559025
8796111794122
8796098779399
8796101518228
8796094953669
6258159723342
6258149872178
8796099154605
8796107139649
8796109001328
8796094626175
8796099115019
8796098791828
8796109530173
8796108369280
8796101823556
8796111187999
8796109116946
8796105744040
8796104461425
8796102490501
8796100878412
6258152548171
8796103073077
8796108497476
8796096017860
8796090481126
8796097282759
8796107392752
8796111360929
8796099325891
8796100825500
8796110862914
8796103837059
8796102251942
6258154226343
8796104440995
8796099690222
8796092577880
8796110363245
8796105403386
8796109941068
8796095074192
8796099815561
8796100700503
8796097211930
8796094777390
6258160572820
8796108218949
8796109677346
6258159737468
8796106751354
8796094445058
8796094935121
8796094678920
8796097027488
8796103637366
8796108115057
6258144281143
8796105107849
8796103356038
8796094093554
8796098768243
8796095820311
8796110309820
8796096583173
8796096316716
6258145530931
6258136793121
8796102961613
8796109934041
8796105807914
8796101155122
6258160216290
8796095695380
8796104974145
6258137719573
8796096883738
8796100696928
8796101217014
8796111515159
8796104458867
8796099236805
8796102968575
8796098381849
8796111832263
8796094047433
8796101899771
8796092341711
8796092376310
8796106812688
8796105688592
8796099752172
8796093547531
8796099053624
6258144321128
8796091386241
8796111755765
6258159765663
8796110802251
8796111658012
8796105422514
6258143724795
8796097911693
8796108462931
6258152302724
8796099557356
8796110352756
6258149932582
8796101808990
8796094854433
8796098746861
8796098512978
8796095804721
8796108062957
8796104353025
8796106183171
8796097021570
8796098008922
8796102844163
8796099375925
6258137557055
6258151950752
8796090138775
8796098327148
8796094939207
8796105637788
8796102632916
8796092151012
8796106014338
8796107496050
8796109842100
8796099094566
8796107409050
8796094908408
8796111137537
8796103786781
8796111702588
8796098880672
8796102780828
8796103424979
8796102229846
8796097592853
8796094561747
8796099841275
8796102397537
8796097792029
8796096698859
8796113225330
8796098362649
8796105590165
8796107109261
6258157635523
8796103692071
8796105283208
8796096081660
8796099646540
8796109386890
8796100029419
8796091666758
8796103750962
8796111901579
6258137311489
8796106814264
8796104953109
8796100489612
8796103700181
6258148848557
6258143334652
8796095941983
6258143789972
8796110227846
8796102494569
8796110801020
8796101650052
8796093214891
8796097045642
8796100669945
8796095442727
8796107798004
8796101813954
8796092215711
8796103810741
8796111727975
6258137620009
8796098798932
8796102603991
8796096855465
8796106128041
8796090517394
6258136866088
8796112525783
8796092298445
8796096850655
8796104192872
6258129611929
6258154235031
8796101970327
8796106844061
8796102032312
8796096250590
8796110310607
8796101621169
8796108315900
8796101716396
8796097967338
8796100096776
8796090290347
8796092690915
8796112638481
8796100537349
6258129579734
8796092751097
8796107988180
8796110487403
8796102354034
8796100443133
8796111594661
8796093608555
8796102364028
8796102963763
8796094043951
8796111792951
8796112375552
6258138023559
8796103474264
8796102003496
8796099616131
8796104500290
8796104392432
8796095537281
8796094994570
8796101645733
8796093498910
8796101217672
8796096262955
8796095708500
8796103622764
8796095168548
8796104626562
8796099514400
8796090186490
8796099340855
8796111990481
8796106875144
8796101292169
8796100762298
8796093959043
8796106900345
8796100320220
8796107308158
8796101860422
6258060886951
8796101862413
6258154512000
6258145469597
8796099449608
8796110929383
8796101135653
8796102643363
8796096231546
8796103617025
8796096792395
6258136822118
8796104046529
8796098825783
8796104890719
8796105478613
8796096853022
6258136563389
6258137652105
8796095890145
8796105525043
6258135461252
8796101915476
8796103407294
8796101509396
8796111932056
8796108410175
8796095883860
8796095867124
6258161272603
8796101447490
8796090577272
8796107113712
8796105504168
8796105602505
6258152567381
8796099795925
8796093444432
8796101553633
8796104522373
8796097715559
8796108399554
8796098677001
8796101052196
8796098879526
8796099348926
8796104175256
8796105150408
8796104376306
8796097128986
6257385672012
8796105337900
8796101728977
8796103613469
8796091577935
8796092897569
8796097296375
8796100398708
8796103363271
8796094610223
8796096394252
6258145584203
6258161179362
8796107312050
8796112334695
8796103665970
8796095114043
8796107084156
8796100225092
8796103966993
8796102972455
8796108829509
8796106192733
8796096083242
8796103182920
8796101728817
8796104674172
8796113473193
8796110800965
6258149138813
8796095739153
8796112813633
6258129373940
8796107010303
8796099773200
8796110132044
8796094102074
8796105139226
8796109090943
8796099236596
8796096148591
8796104320100
8796097839666
8796100795652
8796102624201
6258143548085
8796100120550
8796101215461
8796093348745
8796098332980
8796109203858
8796103769696
8796111284168
8796100070231
8796111964225
8796100866492
8796100662415
8796104147575
8796097868170
8796103764852
8796097423509
8796099512857
6258150023783
8796109827907
8796098918477
8796107719727
8796110157428
8796106827745
8796104890192
8796105018528
8796107442405
6257388643800
8796098343226
6258144413714
8796094158613
8796098539307
8796106694703
8796103447047
8796091847121
6258151939818
6258160458118
8796111261410
8796100632062
8796098963486
6258148220845
8796095330423
6258157780836
8796096737808
8796106490708
8796099775344
6258151522936
8796104542869
8796094418556
8796098531152
8796105551645
8796101250730
8796099647766
8796107824858
8796102178829
8796090598414
8796092266610
8796103875406
8796099198972
8796099776756
8796108905692
8796108268103
6258146847712
8796105179580
8796093501775
8796096134201
8796100075087
8796093870768
6258151522869
8796110777937
8796103096945
8796102863438
8796094929084
8796100496221
8796105194189
8796106845129
8796099520797
8796093193960
6258148167063
8796111661824
6258110870122
8796099906792
8796101746376
8796107929640
8796101928608
8796093670081
8796104206974
8796098060901
8796107286282
8796095720640
8796109430112
8796104092842
8796098037784
8796112134446
8796095010287
8796104252819
8796091679927
8796090174513
6258149901020
8796104159536
6258136827617
8796103045411
8796099126539
8796100074386
6258146867124
6258160137436
8796109427127
8796103956758
8796098578058
8796098706382
8796110528229
8796105857326
8796102496575
6258129424362
8796107785371
8796104337799
8796104284544
8796101490665
8796095879255
8796090438493
8796109387100
8796098408692
8796108479430
8796100356316
8796102781911
8796112812981
6258138385991
8796100257412
8796098612910
8796094378841
8796098235416
8796105144463
8796096669627
8796106668917
8796092079508
8796105219604
8796099826132
6258144360282
8796092699571
8796094099774
8796103219433
8796096292984
8796106106855
8796096278852
8796090939245
8796101168109
6258143215236
8796102634604
8796093957502
8796095231343
8796101453949
8796100068677
8796095752607
6258137852962
8796108981677
8796095130085
8796103893303
8796098761365
8796111985914
8796101859372
8796098821799
8796096434028
8796107349742
8796105268022
8796099409310
8796094348446
8796096160242
8796097568567
6258157360123
8796103592071
8796104157296
6258148186937
8796098781220
8796097924004
6258144667952
8796112043145
8796102217594
8796097465210
8796097909766
8796099249388
8796103458643
8796103809512
8796110994896
8796102136072
8796094394349
8796095942561
8796100511193
8796096069547
6258152847535
8796100828563
8796100957280
8796109362100
8796105907349
8796107682737
6258157655414
8796110359936
8796099548367
8796106579464
6258159742544
8796095471945
6258151307314
8796098056227
8796107938884
8796096260161
8796101713226
8796094974161
8796095387515
8796104789069
8796103335343
8796100236225
8796101301489
8796109041142
8796102268403
8796103102458
8796099210668
8796109032662
8796099323411
8796099981469
8796110117181
8796093638652
8796100131178
6258157490690
8796102464660
8796107783242
8796105450352
8796112202303
6258137690244
8796112357136
6258152742909
8796103601157
8796092881191
8796102147973
6258150001129
8796102567078
8796090754764
8796103323720
8796098724520
8796098959526
8796097039357
8796093231198
8796108282264
8796113155336
8796101380521
8796101700131
6258151722900
8796108592165
6258138019001
8796105814303
6258143148250
8796099207944
8796106552883
8796110171932
8796101125633
6258137979579
8796105936429
8796095372127
8796095863960
8796105324503
8796100843683
8796096501787
8796092704764
8796099608087
8796102322733
8796106547366
8796097248082
8796100373663
8796099338896
6258161372869
8796104206125
8796095972873
8796108814134
8796099844399
8796094275034
8796100357239
8796101830222
8796107607668
8796102328669
8796101948848
8796103175176
8796097104638
8796105100512
8796095348270
8796104681503
8796092065114
8796097629224
8796095022919
8796105454888
8796103763452
8796107897912
8796110446577
8796102713866
8796098025792
8796112323467
8796099051535
8796092232065
8796094250484
8796109642398
8796102277225
8796093499884
6258137752963
8796098879685
6258160395902
8796102607955
8796099978197
6258129262276
8796108243469
8796092715049
8796100322902
8796102164092
8796106467874
8796103139017
8796101755589
8796111360339
8796100762135
8796100764466
6258159986434
8796095442429
8796111629210
6258144094549
8796109701566
8796102967276
6258157469209
8796095647102
8796099473186
8796098657514
8796096284055
8796092035534
8796103801475
8796098466242
8796103876163
6258152887735
8796102708661
6258161088174
8796100659479
8796107897994
6258146815256
8796111029318
8796102277613
8796101412699
8796098355830
6258159525504
8796108969500
8796100200552
8796097342010
8796097930905
8796100747751
8796100855521
8796108504938
8796110401957
8796104837559
8796091129539
8796108925812
8796094294788
6258137757015
8796103070846
8796095457001
8796111321805
8796099850040
8796102181700
6258145248994
8796110862168
8796096846555
8796099081223
6258144564444
8796098408704
8796090227294
8796099056919
6258110801457
8796090431099
8796098852538
8796095182704
8796108608210
8796099451704
6258136623602
6258139633788
8796105820529
8796108765363
8796101334253
8796105252263
8796103114905
8796096410271
8796107794135
8796099650864
8796091013895
8796094640986
8796110483106
8796095782826
8796102429146
8796099428019
8796107039843
8796099485739
8796108776502
8796095100612
8796097712196
8796091756330
8796095958508
8796097084702
8796099929155
8796108007200
8796103433404
8796096672069
8796092986334
8796093158715
8796108143224
8796107570247
8796099235964
8796094404719
8796098545661
8796101900411
6258151568474
8796103812747
8796109473993
8796101774204
8796102734826
6258152285451
8796107728706
8796097607788
8796100406023
8796092553535
8796103650920
8796105832157
8796111109348
6258160377622
8796095824306
8796112303759
8796107851991
8796098826603
8796101399258
8796101562574
8796102924420
8796097249210
8796108709887
8796092163693
8796103683401
8796099446228
8796111086503
8796102862925
8796103806086
8796102779753
8796103764182
8796099662950
8796110891301
8796093865694
8796104714604
8796102821761
8796096738402
8796096229486
8796108922348
8796098555109
8796095877829
8796107121924
8796091715334
6258149186758
8796098775251
8796108941656
8796098934797
8796104769161
8796100238458
8796103683417
8796107765504
8796101275122
8796094970961
8796099012123
8796105177702
8796111103827
8796100196998
8796091686593
8796105704680
8796097626881
8796102285773
8796105199533
6258136341468
8796103191820
6258137519533
8796105660386
8796094800843
8796101589091
8796108592099
8796096343870
8796109898936
8796109200860
8796100113040
8796094797935
8796111293299
8796106897351
8796104509057
8796098280953
8796091307400
8796108436445
6258143093247
8796100959804
8796101937027
8796100174472
6258154061815
8796109723788
8796100291023
6258129393831
8796102040846
6258151947794
8796107835770
8796102493726
8796094969795
8796105859499
8796108900230
8796102151896
6258144235750
6258151297103
8796103251598
8796102354334
8796097969931
8796109569645
8796098096449
8796102777174
8796108667083
6258144027355
8796102068226
8796098024575
8796110852479
8796108933453
8796105223878
8796107328347
8796110225988
6258129515004
6258136867065
8796092801858
8796090493383
8796092898479
8796103646923
8796100660890
8796108360863
8796098254658
6258136827447
8796104432584
8796105417695
8796107514002
8796109952377
6258136999510
8796098867695
8796107669481
8796105521738
8796092888530
8796102252482
8796104249301
8796100914116
8796109329894
8796110712622
8796110315846
6258159549458
8796107679165
8796101495705
8796112948514
6258146165038
8796095310659
8796110251138
8796091068202
8796102358224
6258152193324
8796104870394
8796094762179
8796100272501
8796106643230
8796103501938
8796105965928
6258137389530
8796101768129
8796110968029
8796096099114
8796095879601
8796108304849
8796099492619
8796095434552
6258145310022
8796108487966
8796104744938
8796103286623
8796107859777
8796101128231
8796103392836
8796096072239
8796108522928
8796096454407
6258160385866
6258149192672
6258146804515
8796103053032
8796098961545
8796099393589
8796092382959
6258143994472
8796112135539
8796099288994
6258113025195
8796101386874
8796097403288
8796102541145
8796106048556
8796110583618
8796099709529
8796098722652
8796111016674
8796106151985
8796105399902
8796095840597
8796091926294
8796099764601
8796090700464
8796103066510
8796099333496
8796100289007
8796105445885
8796110190493
8796112950383
8796102859681
8796103814315
6258151791342
8796103032587
8796103478052
8796101713266
8796111341121
8796103911422
6258154052838
8796102436359
8796100131773
8796097441678
8796109055809
8796100099367
6258159540397
8796107498713
8796110366418
8796106260485
8796100571094
8796111652337
8796097741931
8796108432029
8796094865960
8796096871168
8796092954745
8796097937536
8796103601919
8796095795548
8796104743998
8796100330986
8796100725695
8796098802903
8796096092032
8796109164387
8796108829510
8796097738923
8796093067989
8796098461705
8796105080566
8796093226227
6258144552414
8796098678487
8796100370858
8796105926700
6258111617480
8796102102912
8796105864429
8796109216638
8796099156512
8796108483890
6258145793596
8796102960412
8796103720374
8796104965563
6258146513569
8796101181479
8796110174831
8796101689017
8796111131694
8796109331837
8796104253792
8796097164267
6258145807982
8796112603484
8796102210724
8796113007601
8796100728509
8796111516044
8796112470366
6258137911908
8796096398261
8796112212296
8796108305834
8796107627201
8796102253232
8796094286520
8796108008350
8796090655342
8796095800722
6261693258974
6258159531059
8796095414395
8796100352187
8796108420714
8796106375003
8796096152934
8796100441921
8796097694713
8796100384398
6258137090778
8796102526985
8796111060045
8796108308899
8796107934718
6258148951382
8796105811497
8796111171696
8796095170675
8796101520749
6258144109863
8796094336997
8796093514434
8796099364762
6258145042403
8796108950147
8796103056746
8796112606352
8796097967346
8796105985984
6258148059771
8796090648191
8796099245474
6258135659499
8796113251542
8796093080248
6258145540835
6258152237481
8796104386294
8796108523488
8796112117513
8796100352701
8796100033343
8796100665382
8796101840619
8796110297146
8796099721605
8796111048039
8796093794490
8796100026583
8796102172481
8796112715203
8796109992819
8796110798970
8796100315228
8796105196302
8796108445000
8796110290296
8796110399168
8796094484925
8796101694882
8796096981281
8796095085996
8796111631353
8796101518505
8796107087584
8796099716530
8796098334162
8796103657054
8796097288373
8796108535714
8796100507641
8796105318964
8796106265630
8796100860487
8796110734211
8796100012809
8796108393037
8796106201792
8796106167032
8796110966234
8796101216996
8796105641321
8796108782731
8796091751095
6258149934606
8796101137251
8796095492146
8796103091601
8796098703949
8796107826570
6258160425627
8796102300517
8796096634505
8796105088187
8796099058463
8796094517325
6258160256329
8796104087240
8796100942515
8796095869166
8796104982244
8796096744142
8796102000516
8796111716735
8796110657715
6258060701821
8796107030047
6258143330119
8796112415675
8796100573579
8796104333619
6258060741973
8796099920264
8796101755429
8796112571569
8796111716221
8796110074604
8796098070304
8796099789825
8796098654119
6258143753233
8796106155466
8796103229504
8796094833905
8796099459938
8796096157314
8796095483391
8796111998528
8796103507678
8796100197347
8796101798958
8796104954658
8796101508608
8796105473347
8796100666149
6258143399207
6258151477686
8796103847611
8796096836944
8796098459287
8796102586959
8796107292542
8796109981652
8796103076586
8796101021128
8796104465293
6258154395527
8796109098376
6258152731423
8796110227618
8796094111638
8796097318385
6258151746876
8796101046361
8796108829246
8796097663469
8796093054624
6258148186419
8796109561578
8796098735402
6258137266738
8796110308119
8796095907303
8796091157162
8796095925301
8796096860069
6258151795112
8796102326557
8796111054524
8796101556231
8796094114035
8796098820457
8796099124118
8796111053385
8796111175343
8796095546091
8796110185657
8796098229215
8796105396912
8796105221692
8796102349043
8796094359011
6258152619578
8796104332300
8796104773244
8796094633407
8796101381837
8796097534031
8796111838137
8796110650500
8796105785406
8796100100564
8796104170296
8796105902104
8796099809285
6258148882208
8796107506595
8796105258942
8796108431190
8796101509758
8796110965955
8796107990283
8796100343171
8796100045613
8796095703798
8796106609408
8796103442797
8796112345448
8796104898279
8796106841110
6258159774503
6258159307171
6258145045749
8796106167204
8796111518001
6258151899939
8796093173634
8796107403499
8796099923274
6258157356855
8796113162472
8796108317105
8796110529624
8796105995070
8796105607239
8796101348230
8796092768305
8796105312623
8796092215105
8796091502649
6258144915396
8796095410772
8796108227663
8796108750242
8796104212143
8796110615824
8796110547872
8796107376664
8796111392618
6258154271165
8796110601985
6258135181343
8796103393117
6258145557469
6258139823379
8796102851050
8796095356995
6258154503426
8796091693831
8796109622500
8796103266559
8796099434976
8796101720002
8796095250273
8796104753515
8796093608703
8796098814584
8796109955446
8796101308035
8796111562926
8796097216178
8796098229182
8796099746392
8796111629275
6258157802562
6258137907639
8796094024836
8796106320334
8796108607934
8796104756093
8796104684686
8796108914383
8796097714581
8796110719741
8796106543679
8796107730887
8796105821671
8796094217766
8796103282845
6258151917465
8796100335610
8796103684275
8796111925276
8796101279543
8796093928647
8796095910913
8796110227756
6258136767204
8796111443619
8796096010051
6258151818647
6258143306603
8796110251010
8796100137192
6258148047635
8796100985376
6258159317035
6258143919063
8796103114525
8796105768400
8796095840688
8796103266652
8796101447257
8796100120845
8796102251592
8796106903912
8796099471973
8796101442471
8796104582566
8796101573065
8796102359907
8796107180841
8796107202573
8796109015500
8796101246224
8796112852329
8796099808226
8796091944098
8796107452971
8796091445539
8796102506883
8796101935962
8796096224655
6258145431744
8796101693733
8796109097802
8796107486775
8796097816360
8796101655165
8796099321424
8796110648515
8796105736409
8796105153592
8796095200048
8796107612083
8796102145544
8796104000982
8796097397062
8796098038962
8796103007739
8796105309136
8796108592590
8796097710937
6258145438069
8796092079959
8796107938865
8796090986084
8796099008137
8796104633212
8796110223443
8796096079685
8796109834979
8796099238621
8796103776112
6258145379150
8796104925366
8796101786642
8796100349169
8796091931973
8796112588288
8796104963402
8796108475250
8796110162366
8796103190185
8796095912235
8796102466856
8796097424447
8796107651369
8796105414605
8796102598477
8796108226721
8796099024601
8796103860557
8796107949515
6258144564282
8796100790761
8796108223806
8796108215094
8796104635797
8796095227382
8796103039388
6258129357103
8796093691144
8796102314906
8796109255263
8796107860091
8796095180409
8796104029460
8796104544306
8796100506999
8796102750439
8796112469653
6258144334932
8796107736221
8796109496373
8796103995854
8796106543350
8796105239325
8796103650454
8796097120589
8796094640603
8796109043917
8796099601087
8796110003625
8796105255266
8796106837399
8796094952920
8796107739335
8796104229932
8796097295830
8796109692834
8796107981789
8796104508613
8796106754004
8796102065222
8796111257179
8796103915759
8796097331772
8796107375460
8796102954925
8796095531183
8796102044718
8796092117658
8796109703344
8796092712402
8796102766372
6258152465807
8796104688371
8796103307984
8796103715659
6258157417846
6258136732974
8796095018371
8796101254762
8796107058551
8796107042428
8796103187926
8796105477614
8796104809987
8796105220697
8796097078267
8796094551559
8796101471460
8796100794931
8796100203273
8796100313488
8796107017390
8796107591436
6258159743469
8796099191262
8796097383724
8796095207294
8796099286549
8796099803678
8796101342715
8796099718796
8796110307473
8796106361186
8796105944681
8796101031944
8796098376289
8796111568784
8796111193691
8796103756033
8796108492666
6258129361170
8796102998735
8796104508534
8796110801341
8796094241781
6258136619878
8796110927180
8796108081347
8796109725309
6258138156889
8796094224686
6258152680403
8796096906141
8796093197467
8796102216220
6258143233988
8796096043283
8796105460062
8796096396307
8796111499104
8796095147340
8796104808911
8796110170555
8796098748767
8796097462384
8796098485279
8796100775725
8796100729174
8796098317292
8796106192459
8796091923015
8796096177937
8796109993668
8796112058018
8796097166900
8796112235524
8796099608088
8796090351537
8796102231226
8796103770222
8796099344951
6258161211788
8796108000097
8796089839294
8796099318955
8796097862376
8796101041481
8796098134887
8796105998508
8796106084952
8796096447526
8796110188680
6258152697293
8796105355771
8796105720482
8796110967731
8796096196976
8796110004290
6258145992435
8796098500115
6258151993951
6258136878599
8796101142833
8796099343010
8796108425493
8796099968619
8796097545183
8796096129805
6258136867449
8796104861624
8796107718190
8796097851974
8796096488932
8796105324501
8796103951156
6258159774666
8796107353682
8796093605047
8796098564265
6258145401805
8796094621047
8796100892634
8796111503721
8796110970696
8796105697874
8796098904334
8796101386293
8796111837031
8796110776073
8796095826595
8796091742113
8796102102192
6258159644234
8796096662951
8796102792444
8796111424277
8796098355195
8796104819371
8796112378516
8796104167287
8796101461310
8796105645637
6258136767772
8796103299122
6258137307648
8796106368217
8796103475499
8796098904652
6258143205730
6258138019492
8796107894178
8796093687162
8796105819159
8796104733081
8796098267252
8796104572694
8796105376167
8796108434399
8796102358888
8796100958895
8796097871551
8796094468762
8796102429268
8796099098807
8796096235476
6258145787223
8796097086151
8796098738977
8796107478294
8796105757993
8796101023547
8796093467282
8796101287129
8796110651665
8796101313829
8796103505712
8796102537788
8796093172611
8796102532533
8796097808305
8796111602318
8796097811425
8796097228792
8796103844108
8796109500152
8796102492045
8796110368851
8796104186686
6258157175602
8796101085397
6258159725202
8796099440304
8796107360479
8796110772317
8796103878387
8796101017987
8796098834774
6258110980021
8796099332629
8796109994711
8796096894375
8796111855652
8796093656986
8796103328584
8796107665921
8796108299654
6258152923074
8796096184133
8796101133840
8796110349165
8796094413343
8796102072022
8796097742062
8796103107585
8796097405972
8796098065142
8796107564055
8796094019900
8796103842618
8796103446865
8796095740686
8796102469385
8796096158157
8796104515815
8796101214465
8796095667366
8796097355557
8796092774463
8796104029304
8796107463165
8796107669604
8796101774197
8796105382324
6258143812645
8796090651544
8796108007686
6258137293862
8796103675494
8796097351924
8796093298523
8796102794105
8796110901674
8796093752394
8796101021464
8796107553718
8796096975881
8796099996091
8796100641929
8796098640989
8796100198515
8796100386845
8796112835290
8796106246135
8796098102173
6258151551939
6258143904639
8796104574476
8796092665722
8796090423908
8796102247395
8796099919881
8796109688487
8796100924860
8796109648154
6258129478979
8796104405863
8796100288781
6258138033420
8796108882534
8796101597970
8796108493397
8796101214004
8796102063344
8796101487625
8796099086445
8796093854134
8796106462599
8796105719049
8796098103999
8796092218785
8796101384653
6258145237857
8796104847031
8796099705527
8796101255029
8796108852606
6258150005446
6258152921345
6258143895203
8796099591707
8796094512203
8796099346903
8796095663197
8796111247985
8796112454203
8796109870041
6258152447990
8796101024839
8796112646453
6258143793352
8796110705608
8796093313934
8796106022880
8796099106524
8796103144822
8796108018058
8796102466575
8796108528580
8796100982956
8796101757457
8796096139569
8796103573209
8796102733724
8796107716308
8796096777943
8796105035511
8796095053033
8796095696888
8796103787060
6258149172172
8796097606032
6258143411421
8796092843924
8796106790010
8796094348279
8796095086318
8796094510925
6258151716252
8796097161894
6258151554752
8796104010505
8796100441883
8796096438802
8796092592825
8796102138719
8796108127012
8796101582318
8796111106785
8796101757731
8796101482808
8796094821487
8796104234914
8796107010035
8796108636790
8796109891144
8796111311668
8796108120766
6258143282341
6258143439274
8796099716500
8796110411462
8796104999140
6261691339074
8796112883940
8796098583181
8796095171859
8796107591554
8796101320667
8796102618287
6258154330318
8796106051051
8796100440638
8796100562077
8796102501063
8796107917210
8796102536322
8796098814582
8796112146712
8796104448900
8796107870371
8796094017347
8796099978781
8796098513165
8796111199830
8796097349560
8796103446562
8796096484616
8796097346971
8796092045625
8796104109221
8796099288410
8796100951141
8796097228419
8796112315960
8796106756696
8796105928700
8796110368777
8796100950069
8796110076252
8796102000518
8796100084440
8796107147459
8796091430442
8796092545788
8796098845398
8796112741607
8796102007602
8796101851874
6258137306096
8796103111879
8796100917394
8796108835611
8796097879082
6258048013168
8796093922670
8796108237172
8796106864992
6258152451655
8796107292021
8796094632362
8796106951599
8796106967257
8796105080567
6258157346883
8796097994409
8796105044790
8796095266625
8796103195231
8796106096888
8796102462662
8796095323824
8796104541549
8796109036203
8796111635061
8796100778085
8796103572871
8796103617851
8796096918711
8796100944512
8796108441366
8796098206206
8796101962701
8796101469962
8796098330250
8796098989605
8796110860266
8796099091935
8796108258172
8796099563134
8796108772485
8796095454592
8796105955324
8796103699366
6258143303401
8796098718854
8796107979665
8796093295315
8796099405065
8796096099723
8796104153665
8796104998002
6258159651946
8796094036083
8796098192827
8796108848905
8796100779995
8796103141198
8796108645670
8796102672200
8796103567106
8796097438961
8796100349826
8796111846163
8796110091686
8796097859768
8796089892334
8796102393475
8796101461298
8796108531649
8796107036069
8796112645122
8796099361487
8796108314993
8796103769850
8796099607274
8796101089569
8796102426982
8796107128196
8796101654969
6261695425546
6258151962348
8796096317070
8796102706655
8796094802632
8796102453009
8796091356119
8796108422591
8796102627640
8796109361918
8796101564541
8796101216308
8796100197461
8796100885156
8796098936354
6258157405377
8796107292477
8796102841098
8796102707035
8796101582766
8796092339494
8796105899258
6258143674020
8796105690016
8796099025720
8796101755880
8796094019806
8796107171265
8796098172700
8796104714490
8796109497470
6258157680856
8796099651851
8796101998352
8796101337124
8796108537314
8796112720752
8796092906461
8796107872317
8796108248247
8796109000744
6258154526747
8796099242775
8796095470024
6258136649973
8796103529786
8796099830519
8796097069055
8796101786853
8796102312934
8796101447856
8796098543206
8796098910341
8796108313960
8796097628377
8796098580460
8796097169929
8796110246141
8796100560124
8796092779119
8796095773147
8796095659886
8796100984961
8796105055449
6258112987958
8796102735870
8796104164668
8796103152520
8796112295368
8796101873736
8796101752728
8796109215563
8796098797952
8796101758761
6258148171608
6258144409571
8796099017081
8796100742552
8796097521980
8796100249090
8796096188985
8796105714243
8796097376237
6258110986419
8796112605602
6261691157515
8796101628958
8796111682339
8796110901536
8796105032888
8796105961805
8796103318871
8796098246865
8796107403803
8796106016315
8796111726568
8796100758646
8796106791393
8796097619207
8796099935380
8796104296226
8796092693362
6258152287298
8796101283898
6258143784939
6258145315048
8796106427515
8796096093671
8796109839879
8796099311417
8796099680360
8796104395869
8796103865192
8796109186338
8796102060218
8796091670643
8796093924118
8796109929301
8796089752420
8796111777534
8796104343771
8796100988964
8796112385384
8796103581168
8796109333474
8796098026244
8796099574237
8796107218314
8796101549836
8796107012942
8796098989256
8796105986125
8796099502047
6258157438145
6258146004570
8796108658222
8796108618323
8796094284373
8796090625408
8796109274708
8796097138322
8796099457928
8796101971637
8796106621008
8796095021384
8796107570252
8796101962890
8796095263363
8796097156892
8796094764410
8796105491400
8796093777968
8796095351531
6258161248399
8796099252269
8796110782126
8796106851122
8796097298048
8796098948567
8796112788405
8796108044448
8796097624068
8796111457011
8796095605389
8796108175257
8796095966008
8796097381261
8796103928140
8796107157255
8796108216887
8796093371891
6258152589049
8796101781622
8796103054840
8796108925809
8796111847089
8796104029511
8796106809603
8796099939698
8796105383740
6258129573526
8796100887514
8796109770419
8796102323826
8796103558658
8796109041267
8796109814534
8796092479643
8796094233651
8796110937269
8796102807504
8796101200073
6258151475043
8796100460571
8796100971868
8796104951717
8796110136560
8796109775885
6258111331795
8796109332381
8796095914279
8796111866470
8796098285132
8796102888046
8796093016427
8796096813864
8796100113039
8796105144823
8796094748673
8796102052526
8796098934809
8796100197514
8796101344834
8796107302954
8796110993451
6258148982147
8796092648950
8796106016505
8796101544462
8796096157548
6258152821546
8796113508468
6258160092896
8796108133076
8796107765685
8796103991817
8796099686242
8796101514741
8796099231231
8796099570087
8796102768217
8796107564087
8796101724777
8796100795440
8796106910491
8796108447400
8796110028131
8796098252594
8796097841202
8796108660898
8796106061014
8796093693575
8796099170704
8796107073940
8796099745245
8796099271058
8796106779471
6258111758626
6258137795838
8796108377509
8796105979698
8796102788121
8796099790840
8796105529052
8796099548586
8796101966656
8796108834956
8796098077881
8796099779626
8796106427358
8796101986358
8796106089313
8796104573834
8796100634264
8796098942792
8796106709321
8796093684044
8796100349481
8796093289636
8796097654638
8796100347129
8796101100479
8796107825467
6258129131309
8796101470475
8796110909191
8796101080932
8796103109034
8796110731459
8796111823218
8796103742497
8796111858106
8796108153703
8796109061644
8796098772932
8796100248880
8796099806324
8796100893307
8796109603610
8796109362674
8796097157803
8796101690583
8796100237551
8796095667700
6258138233890
8796108559113
8796091311642
8796104008144
8796102217310
6258137650236
8796110520754
8796105781754
8796096673516
8796109048933
8796103417625
8796105262544
8796110785324
8796099485523
8796093673157
8796108941963
8796102759746
6258148984233
8796103071516
8796107777501
8796101147044
8796092503561
8796105476218
8796102245406
8796099516910
8796106903914
8796107426937
8796093205939
8796111232045
8796110131004
8796094583632
8796099500217
8796109440796
6258143874492
6258149906878
8796112853514
8796111905439
8796111568270
8796109892084
8796107997994
8796102024986
8796094760120
8796108344121
8796104514217
8796100872017
8796091734885
8796099978821
8796101529572
8796097544301
8796110283342
8796100144219
8796100942599
8796098432915
6258136808825
8796099444752
8796103255913
8796102316713
8796105698050
8796096236299
8796094953406
8796099142745
8796100666868
8796099517045
6258111665281
8796111246519
8796093608360
8796099389276
8796097625511
8796096450736
8796095505228
8796102093169
8796108268903
8796098299324
6258145292904
8796097669564
8796102246135
8796102713743
8796098684293
6258151567040
8796103487251
8796109498374
8796109781033
8796101246176
8796091771017
8796107374206
8796096419601
8796105548723
8796102420621
8796107900146
8796103112732
8796106120375
8796105790631
6258149144482
8796091891513
8796100142247
8796107303244
8796103593203
8796108755432
8796101927614
8796105452711
8796096255833
8796110167772
6258160536685
8796093009742
8796099318355
8796093794489
8796100252623
8796101102238
8796102889288
8796094093529
8796101489613
8796101938233
8796097760867
8796106141895
6258137827814
8796108339737
8796104207235
8796091568726
8796102904783
8796091413573
8796096534798
8796109839590
8796102165408
8796111427376
8796094089707
8796097939339
6258157789329
8796099123124
8796096963267
8796108499025
8796097627167
8796093444898
8796098696106
6258149863806
8796092521967
8796102018469
8796104156634
8796104505643
8796110276112
8796093559562
8796102969705
8796092994295
8796091993496
8796092852208
8796106476718
8796095728465
8796096862305
8796098610263
8796093618183
8796098191379
8796099147443
8796101555024
8796095367191
8796109380679
8796101588435
8796097667232
8796100795382
8796102900274
8796101073754
8796102006604
8796108905502
8796106953450
8796097535751
8796096824491
8796101453381
8796108770550
8796101062289
8796096119462
8796098194089
6258159151304
8796090869702
6258129425303
8796100695381
8796112644002
8796107224834
8796095314753
8796104062376
8796093435569
8796091091272
6258159379472
8796098299323
8796099058226
8796110302553
8796111791937
8796097343338
8796105978195
8796100412908
8796107844936
8796103197238
8796095765812
8796109789095
8796091186676
8796098073069
8796106732818
8796093835976
8796108582453
8796104686336
8796099575558
8796102951573
8796098320313
8796107768017
8796101057453
8796102706813
8796108067073
6258152586563
8796099287232
8796101453737
8796108997641
8796104182096
8796090376915
8796098798938
8796111292019
8796103170218
8796099806850
8796096760353
8796099098789
8796102394711
8796096362161
8796111150746
6258150116863
8796108665112
8796110206116
8796099571932
8796109772749
8796092043047
8796097945322
8796111972700
8796099606691
8796102533570
8796102588330
8796111955234
8796100038615
8796102490596
8796110188009
8796089907661
8796107769702
8796094060693
6258135333453
8796106213855
6258137652022
8796100050923
8796096487596
8796101878290
8796102355160
8796102178930
6258157469514
8796104993356
8796102827335
8796109611712
6258136686067
8796106074366
6258148110952
8796102197935
8796097915827
8796107297794
8796094167068
8796107179107
8796099018962
8796097440418
8796094170967
8796095609590
8796109982826
8796105165996
8796093986845
6258148790124
8796093572508
8796101301502
6258160053822
8796102480218
8796093581846
6258146795912
8796108874868
8796095908980
8796109292017
8796102112908
8796094733057
8796104750586
8796103604238
6258143201484
8796098741813
8796111332494
8796097809627
8796109595911
6258155143495
6258136603251
8796096298079
6258138200461
8796099028706
8796102598179
6258157806860
8796101901244
6258152640467
8796102374174
8796109923218
8796093079664
8796104084225
8796111036462
8796108094994
8796103706621
8796102393222
8796094736587
8796106588551
8796095257375
8796107375991
8796100598092
8796097399933
8796096374064
8796099830396
8796097611791
8796101461441
8796101518014
8796099823734
8796103179335
8796104717910
8796112712404
8796104159169
8796105563908
8796098762125
8796096152254
8796096207238
8796095265651
8796096933723
8796104032960
8796100596620
8796099951409
8796111364260
8796096673978
8796106926128
8796093763525
8796107096723
8796104649109
8796098947915
8796099614102
8796100714402
8796093793450
6258154013117
8796109161386
8796106034711
8796100615753
8796095959914
8796100043086
8796095367261
6258148160848
8796107865567
8796102405397
6258145697603
8796104781789
8796108942459
8796108110709
8796106683777
6258144455136
8796093249669
8796107591008
8796100088540
8796102600186
8796112127870
8796106763734
8796108765496
8796098264443
8796092320255
8796103572598
8796106819930
8796108191752
8796102319452
8796109610538
8796104886064
8796100641934
8796100404338
8796111540937
8796102299750
8796099605560
8796096244663
8796104998337
8796100872708
8796093038214
6258137505534
6258160488681
8796103487514
8796099574044
8796092039457
8796098035033
8796111238117
8796105126947
8796093497805
8796108266446
8796099132091
8796100573013
8796096067054
8796102798435
8796104676049
8796090960726
8796096292723
8796111147722
8796106404706
8796110135266
8796109225512
6258143425526
8796106391642
8796093623149
8796103318705
6258148781284
8796103693779
8796109252404
6258145322661
8796108373369
8796095591236
8796111528082
6258145710696
8796107730881
8796101556327
8796100633691
8796098520078
8796105768358
8796106435484
8796109433503
8796107328357
8796107933218
8796097155893
6258137964714
8796098981368
8796101824468
8796110611553
6258160961762
8796099508435
8796105700963
8796097563110
8796099181815
8796096464588
8796109106943
8796096554831
8796110089449
8796111231917
8796095420096
8796111285602
6258145677928
8796104388584
8796110285266
6258144479774
8796100011258
8796094044870
6258140537568
6258161104500
8796097904338
6258160399051
8796098394178
8796103292389
6258144590358
8796102754576
8796102634124
8796103531214
8796090176383
8796098781006
8796105456174
8796112507612
8796095318679
8796094073139
8796100554317
8796097215249
8796109306780
8796107568063
8796100550286
8796111988731
8796101185648
8796104116181
6258136871679
6258149964624
8796099949509
8796108617102
8796097487341
8796102523873
8796109054850
8796100012615
8796108536734
8796105754210
8796100423849
8796093649961
8796103332816
8796100753451
8796105532557
8796102759334
8796107680470
8796095037639
8796108704327
8796104908512
6258146063769
8796099655568
8796102713055
8796108480223
6258153914089
8796102482944
8796104984382
8796094687855
8796098082570
8796104824778
8796106265005
6258143993743
8796090803208
8796102491197
8796104517515
8796104897993
8796108733745
6258137939954
8796100630832
8796101484018
8796096281497
6258146252301
8796100279292
8796100285076
8796091554936
8796099180395
8796096665703
8796096952915
8796104637357
8796106917461
6258136661624
8796107081605
8796093767684
8796098741736
8796093950916
8796102993523
8796108268993
6258160539727
8796107261810
8796100859693
6258148813839
8796090039040
6258137889139
8796098350091
8796102634977
8796104120495
6258110809691
8796101067283
8796108755575
8796094825332
8796101551110
6258146829917
6258152881456
8796109893050
8796111231796
8796101158044
8796096272396
8796094758890
8796101993792
8796107028092
8796101962538
8796112096744
8796100014992
8796096381001
8796097007888
8796092389638
8796094851685
8796100410474
8796109554578
8796093876473
8796104092532
8796105542313
8796101832433
8796102112910
8796100148962
8796098204431
8796099605462
8796104623703
8796103644052
8796106086470
6258160100847
8796108438987
8796099543315
8796100071252
8796100318825
8796100694136
8796109116887
8796103036273
8796110672072
8796107455918
6258145474786
6258148854462
8796103964220
8796102168467
8796106875490
8796096884614
8796093100868
8796103190005
6258157374825
8796105409393
8796090158730
8796101800514
8796108483338
8796097278966
8796106736767
8796100756948
8796101441109
8796105187196
8796097275514
8796105285746
8796112655952
8796095222123
8796105259388
8796106274635
8796101417640
8796091898142
8796105770547
6258160531980
8796103413829
8796098826813
6258137546069
8796092347066
8796090361894
8796095095373
6258111498517
8796105484070
8796112114876
8796096541409
8796112199126
8796110117131
8796106171130
8796094964287
8796106196364
8796103803595
8796095022914
6258148988113
8796106117873
8796103726740
6258157352814
8796107184388
8796102789072
8796104505139
8796108105464
6258161591763
8796101685448
6258148132275
8796105396393
8796093922623
8796098787638
8796112406196
8796109525023
8796098855193
8796103108908
8796109685466
6258160517337
8796107374207
6258148160943
8796098932595
8796098978149
8796110970033
8796102277942
8796102128849
8796091676703
8796098342847
6258161580202
8796099987713
8796093849263
8796101783532
8796104705862
8796097829875
8796093403322
8796105855806
8796111241015
8796098089522
8796102467282
8796098425541
8796111790959
8796101217480
8796097439039
8796107908211
8796111434000
8796094594029
8796099038492
6258159221192
8796093765847
8796098349832
8796108060812
8796097852581
8796110019401
8796108827919
8796101998453
8796104657682
8796108617516
8796094296225
8796090161412
8796109646346
8796104792809
8796111463305
8796110835911
6258145558623
8796094713634
8796098661662
8796111801175
6258160140046
8796093252180
8796109319533
8796106316601
8796095402782
8796094894256
8796099233057
6258151590435
8796110038178
8796091773113
8796109180374
8796099557698
8796096362618
8796093578222
8796096394695
8796110863911
8796100872683
8796096893060
8796104037437
8796100989588
6258137361872
8796093874593
8796108372575
6258138091382
8796093883687
8796112267396
8796106694884
8796092112212
8796103446400
8796094921985
8796090401325
8796102930147
8796108872217
8796096032266
8796106163598
8796099458486
8796092414150
8796108313122
8796101620202
8796092900366
6258145710256
8796107132401
8796108925810
8796099176056
6258151903671
8796098464700
8796102743223
8796103610481
8796112536503
8796103644540
8796095807206
8796106002094
8796111251882
8796092821342
8796109794555
8796093711518
6258136747401
8796100233641
8796096019864
8796103769314
8796096777875
8796100216583
8796103877994
8796099441149
8796097447349
8796096941983
8796102134481
8796102352151
8796097175140
8796098691085
8796094068822
8796093201911
8796094573273
8796097069691
8796101971380
6258144242359
8796090147158
8796104977699
8796101353455
6258113024771
8796093825265
8796103069834
8796104579594
8796098284160
8796105702200
8796102067884
6258154456699
8796091646227
8796110374897
8796110659780
8796092720637
8796106651832
8796112636065
8796102420675
8796091759275
8796106307083
8796097902189
8796091416786
6258138198070
8796102426625
8796111954986
8796100378887
8796097792032
6258160372136
8796102707093
8796093600374
8796109443166
8796097346343
6258141464856
8796111213149
8796089700915
6258151658215
8796108534090
8796094444160
8796093851450
8796112648395
8796106334059
8796098882839
8796094858165
8796095201418
8796101728784
8796103542584
8796103453726
8796109095404
8796095216648
6258145350914
8796102852362
6258144156642
8796108271843
8796096104113
8796092001168
8796091800122
8796098933846
8796099832069
8796100831247
8796099533828
8796111544440
8796099205850
8796107248303
8796099686136
8796094190716
6258146854142
8796099628405
8796099892393
6258151473131
8796106757454
8796092859251
8796107345314
8796108589441
8796101839381
8796110459830
8796098136442
8796105107853
8796099241672
8796095168211
8796091791892
8796107064397
8796105750553
8796108017267
8796097785990
8796101971132
8796094936293
8796108776681
8796102358408
8796111516039
8796098052174
8796109924023
8796105319334
8796113088063
8796098960427
8796098456969
8796101464416
8796093798088
8796102103340
8796095166335
6258148949389
6258159781449
8796102673114
8796098177129
8796101962749
6258151300334
8796108860177
8796095206804
8796111915689
8796112134291
6258136747494
8796102779481
8796106740952
8796100317929
8796103023795
8796097482471
8796099179881
8796107420786
8796107687308
8796110989077
8796094143749
8796102073851
8796098384517
8796098074877
8796095175398
8796108314044
8796092777358
8796090766377
6258136459655
8796107549282
8796099606365
8796100395269
8796092781247
8796092343230
8796109217596
6258157386296
8796102126505
8796099643800
6258160519664
8796099232856
8796109760856
8796104110101
8796106099173
8796092221333
8796096210947
8796098086913
8796093795657
8796111351053
8796107237509
8796093175791
8796105051050
8796098655958
8796107000474
8796106545097
8796102000282
6258148511527
8796090752743
8796111083362
8796099077226
8796096501425
8796109387451
8796101114595
8796093455447
8796093462616
6258152842474
8796099206521
8796092628043
8796093388345
8796092593072
8796092786316
8796108498364
6258160011063
8796108594524
8796103659248
6258143748026
8796101269851
8796096596277
8796106304793
6258137042538
8796093359128
8796111726569
8796104728173
8796092152366
8796092849000
8796102098140
8796107076553
8796102460675
8796092526442
8796104908523
8796091733647
8796105186150
8796107586736
8796097260532
8796102076480
6258139806198
8796098091343
6258136710377
8796100762912
8796108732698
8796106721671
8796096980091
8796101585141
8796101752862
8796101527043
8796110468046
8796094405740
8796093166859
8796112781005
6258151443777
8796098351792
8796101355457
8796095020982
8796096621584
8796101549835
8796101839389
8796111163541
8796106812516
8796104464397
8796099004036
8796107122144
8796109821799
8796109331838
8796099348923
6258135373102
6258154361255
8796101420337
6258143756006
6258154206011
8796095022073
6258154390345
8796107095936
8796100832343
8796109274712
8796107609804
8796101615183
8796106646719
6258152824153
8796111660850
8796102420400
8796111049357
8796108390120
8796099204223
8796103162350
8796110981040
8796099676731
8796107351092
8796105690649
8796108764554
8796094173873
8796092134324
6258129442152
8796097442713
8796105960504
8796103913619
6258137983839
8796104363637
8796108620456
8796112867150
8796111628022
8796094874807
8796096899257
8796109566949
8796090550570
8796102084711
6258160122104
8796109957726
8796105511585
6258159805521
8796098099263
8796102207583
8796093022709
8796107190572
8796102083096
8796098089111
6258160227189
8796095263746
8796102279313
8796100897615
8796108756372
8796094940072
8796102170361
8796110426431
8796103155620
8796100251310
8796096825137
8796109166093
8796092513912
8796099309025
6258143838850
8796098033413
8796099257291
8796103685803
8796100163707
8796095963467
6258143892593
8796100019649
8796096939948
8796101034715
8796098824794
8796112107406
8796110017155
8796108572073
8796098521587
8796100943019
6258136614961
6258159428580
8796099016192
6258159939159
8796097022166
6258138087608
8796094759050
8796105145966
6258137005018
8796104239663
8796090602552
6258154310317
6258146966255
8796093663904
6258160384106
8796102405506
8796094515183
8796094616222
8796101246899
8796102571898
8796100860773
8796108877302
8796092646949
8796109893453
8796099053621
8796095031303
8796092371435
8796102182889
8796106850855
8796105278942
8796105259666
6258138004683
8796112188171
8796097720658
8796091659338
8796096271175
8796105234963
8796100628821
8796103859238
8796106062710
8796110656048
6258152780587
8796091688195
8796107002119
8796096950977
6258143927820
8796094022924
6258143399612
6258151749426
8796107309974
8796103264155
8796111850597
8796106857371
8796093852245
6258145439542
6261693260763
8796099335334
6258159677118
8796096420703
8796100106445
8796110477648
8796110658368
8796093287398
8796105186147
8796109479436
6258160939355
8796107059353
8796096132321
8796093813407
8796107712461
8796098904661
8796102102063
8796096769570
8796100398714
8796098743525
8796100416907
8796094690169
8796110714971
8796092101606
8796105526107
8796102753593
8796099872358
6258160008934
6258154454458
8796093144296
8796103763623
8796098446071
8796101767259
8796093672269
8796100304250
8796093772761
8796099068147
8796098798263
6258129115139
8796111200194
8796096967035
8796106708338
8796099024918
8796095227841
8796092542629
8796096962477
8796108865546
8796107248002
8796097575744
8796104780783
8796098345151
8796101311752
8796101394794
8796099721838
8796095769719
8796096961929
8796102797083
8796107734603
8796112541908
8796099029037
6258159686558
8796095372896
8796109766530
8796107229247
8796107066519
8796095467650
8796091598201
8796094013190
8796102873035
8796099841624
6258148887791
8796092693602
8796099500150
8796104670601
8796096986456
8796098295949
8796098431374
6258146310628
8796092268726
8796099307779
8796097109390
8796107096016
8796104903662
6258060923405
8796092704766
8796099499962
8796098060541
6258152838413
8796098876225
6258144025010
8796097858350
6258111486841
8796101364842
8796108242710
8796101180101
8796111257806
8796107652119
8796100846579
8796100189948
6258154446728
8796108504150
6258152671633
8796095181404
8796096025336
8796103687767
8796102455028
6258152716885
8796108537411
8796097844721
8796103878710
8796098615081
8796103182029
8796098344063
8796097400180
8796101115075
8796100331438
8796091437577
8796094253145
8796107582168
6258161254974
8796096479640
8796102923241
8796105034138
8796097970267
6258151587752
6258135656243
8796103554064
8796104186548
8796108513897
8796096329202
8796100331429
8796095823570
8796099374202
8796105898320
8796093714751
8796104366873
8796102349395
8796091628827
6258161104065
8796094161263
8796111914793
8796100506142
6258160165905
8796102654907
8796098702520
8796097085467
8796097618218
6258143837350
6258111658023
8796099405346
8796092876220
8796101431459
8796098053494
8796106631059
8796099688896
8796109835515
8796108764445
8796112070162
8796099660762
8796100654263
6258152469764
8796099802383
8796092166778
8796094499108
8796093180021
8796103462756
8796098723798
8796107782684
6258145988504
8796098257786
6258137150856
8796107701258
8796100933373
8796101857605
8796103763672
6258137935563
8796100594194
8796100691203
8796093190815
8796105769737
8796102551145
8796094169839
8796101371636
8796095743441
8796101939072
8796104093759
6261695309619
8796099571048
6258151939870
8796102990535
8796100575809
8796109216416
8796098827478
8796102547612
8796100758013
8796103660741
8796094187918
8796106718646
6258160926235
8796107370168
8796110175308
6258136614404
8796104430732
8796096831357
8796108035648
8796103445391
8796095339043
8796097494443
8796102041554
6258151781102
8796103414719
8796104605378
8796090389813
8796105067922
8796097045462
8796094710347
8796112509282
8796101352778
8796104573393
8796101482077
8796094573295
8796102572085
6258152719633
8796107917669
8796095073839
8796093349152
8796099095091
8796111526017
8796103303746
8796110251742
8796099731239
8796096097339
6258110803396
8796091204012
8796102779567
8796092468676
8796106319621
6258151918747
8796104634423
8796095139780
8796104473788
6258137108130
8796097955523
8796093875905
8796111643740
8796094219322
6258151623730
8796103069044
8796102748441
6258152210900
8796098592769
8796099288371
6258138419389
8796096252463
8796096267787
8796110487719
8796111921838
8796095382800
8796101591002
8796095137952
6258161439440
8796099856974
8796097238747
6258160835879
8796102732135
8796107408763
8796105128935
8796099026355
8796095609112
8796103812218
8796095746888
8796095182707
8796094381114
8796098721235
8796102792697
8796100787475
8796101588691
8796107008150
8796102607256
6258154447679
8796102565965
8796094645446
8796091604224
8796099773628
8796098851357
8796100801250
8796107502472
8796093368780
8796099204386
6258061228088
8796098336215
8796098588327
8796103467615
8796099044594
6258152239786
6258143492018
8796091490429
8796099823725
8796095528943
8796100819097
6258143454747
6258143233904
8796106937405
8796096419605
8796109587925
8796094598583
6258145988586
6258152679061
8796097154373
8796098263159
8796100813713
8796099348880
8796103184271
8796111784398
6258145735318
6258157541167
6258152905176
6258135442155
8796103092719
6258160413319
8796097621440
8796093336056
8796095553568
6258146231651
8796101857810
8796108613663
8796108799671
8796101586583
6258137902244
8796108387043
8796109513694
8796107294859
8796108084136
8796103411327
8796093667540
8796112310917
8796102929335
8796108142481
8796094849959
8796097483943
8796104464244
8796096910334
6258137580149
6258135477627
8796106728714
8796109667272
8796102207036
8796108810996
8796112104292
8796098930488
8796107307799
8796101584836
6258144141875
6261695284851
8796103712944
8796109477901
8796094411276
8796097816209
8796101284727
8796099411859
8796095530727
8796098394319
8796105791118
8796105026256
8796097910171
8796092257940
8796103188052
8796100039004
8796111446817
8796105614810
8796108570231
8796097304684
8796110028392
8796100006301
8796108828210
6258136946463
8796101970851
6258144311423
8796107610295
8796103762394
8796105875577
8796104258206
8796101252100
8796107235313
8796096620735
8796102112124
8796094792900
8796104650845
8796097594174
8796094928565
8796111190109
8796101720891
8796105992463
8796102528741
8796109265184
8796109396924
8796096166488
6258146250835
6258154354932
8796101964662
8796098014035
8796098682099
6257387723063
8796096867878
8796097115139
8796101017759
8796111174168
8796105516650
8796110966126
8796104850762
8796093245457
8796097091003
6258136778462
8796096830012
8796097628188
8796095839426
8796096814610
8796100728359
6258151323411
6258138051814
8796094477838
8796101432198
8796094665855
8796098296558
8796093985743
8796099664569
8796092336193
8796098263166
8796109877053
8796098935747
8796097704586
8796100596640
8796104544605
8796110779221
8796107463578
6258151768694
8796098979493
8796111635367
8796102243786
8796106755119
6258145379260
6258152871953
8796107635969
8796100928356
8796108105829
8796101991787
8796096206152
8796100862412
8796098423646
6258151920738
8796099233089
8796102384640
8796111329440
8796092706413
8796094768423
8796104788433
8796100604029
8796095910740
8796101335556
8796100541534
6257387725343
8796093658271
8796100600664
8796098668823
8796096583704
8796101163736
8796102845989
8796091688118
8796098838458
8796100482582
8796109953238
6258111506783
8796100500542
8796102746586
6258161424739
8796101710802
6258159451784
8796095146122
8796102465914
6258129478408
8796110415496
8796109470371
8796097343533
8796102929662
8796104511244
8796093238296
8796102259203
8796102396807
8796100826395
8796107948613
8796102173224
8796099486298
8796108044384
8796101696505
8796103533637
6258154432411
8796110779692
8796103463635
8796099708574
6258149898827
6258145080209
8796093481432
8796102935289
8796099227566
6258111652433
8796101294451
8796109666695
8796097868176
8796107952201
8796112663478
8796110774572
8796102153736
8796096521796
6258151767157
8796097170952
8796104705114
8796102597623
8796101873357
8796108928165
8796104046036
8796096952918
8796103152321
6258061306242
8796103751400
8796100550833
8796107662726
6258148906103
8796101026236
8796099535281
8796104128952
8796108905238
8796108687214
6258144975618
8796096469675
8796102926775
6258143324921
8796102714983
8796094887943
8796095467651
8796111581733
8796113372843
8796097642643
8796090561631
8796094980594
6258157173393
8796101348930
8796093109677
8796102074333
8796091157166
6261695284010
8796102230694
8796098637785
8796111097226
6258145533355
8796099014912
8796106151993
8796106265938
8796093909144
8796093352688
8796106354558
8796099237391
8796094833910
8796103229875
8796104696146
8796102455682
8796094012150
8796111952253
8796093891696
8796111898404
8796108890794
8796101134226
8796098938582
8796101768331
8796107621824
8796094230709
8796107792449
6258144701791
8796097084285
8796102450109
6258154422806
8796094390723
8796103750919
8796110610358
8796090176488
8796105721213
8796101919893
8796092062680
8796100143559
8796104995805
8796101202571
8796108721194
8796100652485
8796098238588
8796106483323
8796101684337
8796094071865
8796093961948
8796096265889
8796089383285
8796105224070
6258160583744
8796099690953
6258111718871
8796102643953
8796092090051
8796107209626
8796101334239
6258160190433
8796100281901
8796092489587
8796095597415
8796096370521
6258148058754
6258137218974
8796103962887
8796098855951
8796095149070
8796098990789
8796089905452
8796107383706
8796101928407
8796091816769
6258157159935
8796100224372
8796102634476
6258147015143
8796099292549
8796107447834
8796102392903
6258136845535
8796104150459
8796095783210
8796094997006
8796099377225
6258159859492
8796101174831
8796099339033
8796099123553
8796107743920
8796108590695
8796099235966
6258136979861
8796092743147
8796111160084
8796106851475
8796093482408
8796098871429
8796109608946
8796097733316
8796109198478
8796099125386
8796091477650
8796098158304
8796102706970
8796110865854
8796096020689
8796102360625
8796107361875
8796095066018
8796110182835
8796110429551
8796108283090
8796103179202
8796112453238
8796109617968
8796095208700
8796104697229
6258136603796
8796111506350
8796103090933
8796113404944
8796099002743
8796096136148
8796094773417
8796106836779
8796102713870
8796109157959
8796110013423
8796091910974
8796091979525
8796101083756
8796110226661
8796104996759
8796101274291
8796110720987
8796098534385
6258151758351
8796099715512
8796104150462
6258160066167
8796102041122
8796089743704
8796090978862
8796108807776
8796102045514
8796099374918
8796101901240
8796096531740
8796110583058
8796108056866
8796108081485
8796095283494
8796094892403
8796100218607
6258144912013
6258144338772
8796099577655
8796107210431
6258160228268
8796102558324
8796095149723
8796105221906
8796091678282
8796096858204
6258137591629
8796102182696
6258144069719
8796107763399
8796101449823
8796111719175
8796096225547
8796097560660
8796097732899
8796106496062
8796105462650
8796093830094
6258136861503
8796091400059
8796103721796
8796095172653
6258136828096
8796101652922
8796109348335
8796094477607
8796096788458
8796110173199
8796096941928
8796095904368
8796100988686
8796106292695
8796095108939
6258152671653
8796111148518
8796096061835
8796108892327
6258137995598
8796104909272
8796094251230
8796094167952
8796108661782
8796100925712
8796111469519
6258111665589
8796111991848
8796099891673
8796100602261
8796096148587
8796101508208
8796099316516
8796101792525
6258159758448
6258137552703
6258151772370
8796092039297
6258157605720
8796093187586
6258135584995
8796110831320
8796101371105
8796101591518
8796112066527
8796101550403
8796098381019
8796107410035
8796104806914
8796097022525
8796097107756
6258159416979
8796091271790
8796093260349
6258136649353
8796097063291
8796104716107
8796100784265
6258148875300
6258144509731
6258151737671
8796101141843
8796090261945
6258152683827
6258146955398
8796109703292
8796102795623
8796098095166
8796103266447
6258152051955
8796101286988
8796094442400
8796101826887
8796091006112
8796099691384
8796094748720
8796101388436
8796098366789
8796097453073
8796099078743
8796110141179
8796097663284
8796099619264
8796110006564
8796111291433
8796102492346
8796109634392
8796099857243
6258137956166
8796112270263
8796099413363
8796102243782
8796090541442
8796090093902
8796096028846
6258143539119
8796097470835
8796100568357
8796101867524
6258135611945
8796092587634
8796099062128
8796104770703
6258159631911
6258145535762
8796095240361
8796110765879
8796098798048
8796098143047
6258160291078
8796106134306
8796103750241
8796097673071
8796091490368
8796104419118
8796098535466
8796104402922
8796098615219
8796101416380
8796106800880
8796102278191
8796102680958
8796098201116
8796094478121
8796102754717
8796094345160
8796108607591
6258148921119
8796091858004
8796101401967
8796094314515
8796096911047
8796101457395
8796102506659
8796108664190
8796108842909
8796099258520
8796093131094
6258145361376
8796096070612
6258159377109
6258152776332
6258144904887
8796095215886
8796101006268
8796090367410
6258149889629
8796099421726
8796094615366
8796097264694
8796110658243
8796106380823
6258148780579
8796103915511
8796111657554
8796089665646
8796100059821
8796102927318
8796104930515
8796104519892
6258145510989
6258161285546
6258159845230
8796092664415
8796103355788
8796111164928
8796095809058
8796094916899
8796101400434
8796096924872
8796093957627
8796103497248
8796101348801
8796105453543
8796094345767
8796106134129
8796091467941
8796096304649
8796097743100
8796098204025
8796094341563
8796092691929
8796098789303
8796090841013
8796100924569
6258160032865
8796103959771
8796108819626
8796104284277
8796098007780
8796107303756
8796101238999
8796095883707
8796103846052
8796105238340
8796107334610
8796111792040
8796098301903
8796113267110
8796095891321
8796100681033
8796100726228
8796099429449
8796095481995
6258137663723
8796107414463
8796099459980
8796099367686
8796098669146
8796102828412
8796099615384
8796093119295
8796102424847
8796106791829
6258145916300
8796095372894
8796098194403
8796106062986
8796101839723
8796098305953
8796108646148
8796094645412
8796096046395
8796109378952
8796102455704
6258143900645
8796100583468
8796096568822
8796097971030
6258161394521
8796104750334
8796093693518
8796095336554
8796106909676
8796106703267
8796102894174
8796091581528
8796109610843
6258146059068
8796101363839
8796099881844
8796094275759
8796101629805
8796094372023
6258159759179
8796099763570
8796110284169
8796100789205
8796108001896
8796107288562
8796098211818
8796098196287
8796111332495
6258145085754
8796102174621
8796094061269
8796113336749
6258157414688
8796102173730
6258151819139
8796100109266
8796106336826
8796099138466
8796106106984
8796091684465
8796109071331
6258137582205
6258139524033
8796103765589
8796099069253
8796094885473
8796110175722
8796101824919
8796094974370
8796104057641
6258152819031
8796102537031
8796097074677
8796109144791
8796106514096
8796102709342
6258152059182
6258145585318
8796091713725
8796096091341
8796100466856
6258160449969
8796102169255
8796097939469
8796095237899
8796102072325
8796095890452
8796099130436
6258160007595
8796100630657
8796103071754
6258143763752
8796100901384
8796098409973
8796094357848
6258143204691
8796094173597
6258138373022
8796098421488
8796111500673
8796096582011
8796103157978
8796102859005
6258148081592
8796107799953
8796099536517
8796093435245
8796094512711
8796107699374
8796097766762
6258144142159
8796093293434
6258143685542
8796110183179
8796105909018
8796106326011
6258159934986
8796099656104
8796093740103
8796098752252
6258137342378
8796110932769
8796107229020
6258149892054
8796093694394
8796097280702
8796092204404
8796096941984
8796108565243
8796102455666
8796094489705
8796102415548
8796107690748
8796100907950
8796099695589
8796097367606
6258111034521
8796102242834
8796099609394
8796111214720
8796092752019
8796101658202
8796102144569
6258137039661
8796094378748
8796107738135
8796100895414
8796104135314
6258159571035
8796096864705
8796101042233
8796093425833
8796107986457
8796098270130
6258151665495
8796113570783
6258137525601
8796093582378
8796093968878
8796107548955
6258157376842
8796101351941
8796102673494
8796098025887
8796107151340
8796094760513
8796090839080
8796097028229
8796107340268
8796095238138
8796097440207
8796096249228
8796093182571
8796099474781
8796096159267
8796101480842
8796093827489
8796110683599
8796091916544
6258144443314
8796097093815
8796098698046
8796098641387
8796104350330
8796094456169
6258159464411
8796102050518
8796091410581
6258152506984
8796103276066
6258160637406
8796103652539
8796097518985
8796107346898
6258152188301
8796101441207
6258148819020
8796104118210
8796100528771
8796108629471
8796101182233
8796096870706
8796100398894
8796102707938
8796107397631
8796108410025
8796101014467
6258136555136
8796102853425
8796107283660
8796098639972
8796093746970
8796106120878
8796105678134
6258136678016
8796112108923
8796101906471
8796105572480
8796098797713
8796094811883
8796099263388
8796094986132
8796109568908
8796105306261
8796100688144
8796093184389
8796101362519
8796108889152
8796094171474
8796107050002
8796107808469
8796096170992
8796094112525
8796100104633
6258136332955
8796103246435
8796097007180
8796101381884
6258135591003
8796104456098
8796098575303
8796098971271
8796103940952
8796101266522
6258138041486
8796092099228
8796094301772
8796096364554
8796092778291
8796108833075
8796100501630
8796095195274
8796107870911
8796101724776
8796098025969
6258136615600
8796098442692
8796094687017
8796098192495
8796099856972
8796109243234
8796110016662
6258145543708
6258143635751
8796099582961
8796098699824
8796093464056
6258151965572
8796091882712
8796100166496
8796095740200
8796104005413
8796101201307
8796097361904
8796099360046
8796100903241
8796094081702
8796096214486
8796100976425
8796104587185
8796105688442
8796094017711
6261691157659
6258137440970
8796097144980
8796092136690
8796102492108
8796108154899
8796110292039
8796103522172
8796102067682
8796101429170
8796107608353
6258143273221
6258151680094
8796109972653
8796096091041
8796102424851
8796098187203
8796100535230
8796106963216
8796094388682
8796099776786
8796096327077
8796108040437
8796092081177
8796094099539
6258136630419
8796104260139
8796101858929
8796100335068
8796107598182
8796104100088
8796101041465
8796103894454
8796090265183
8796090517294
8796104328444
8796109365426
6258137969413
8796096096155
8796097323475
8796099293122
8796109645952
6258161445985
8796099641402
8796099108808
8796090487816
8796108175174
8796105970217
8796095887864
6258159968123
8796092359826
6258152334686
8796105234016
8796105396392
8796091079625
8796098983778
8796091793740
8796098192934
6258160606435
8796095382063
8796106434385
6258146316246
8796094822024
8796090493560
8796096920503
8796104454422
8796091330098
8796101216077
8796111067321
8796094505504
8796091490421
8796102289401
8796107868554
8796106385252
8796097765059
6258110812345
6258154465426
6258149884986
8796111160901
8796092826097
8796095265945
8796091702654
8796103929751
6258148891966
8796099148365
6258155220942
6258145988299
8796093631570
8796106518157
8796100536823
8796094143916
8796098021692
8796095057205
8796094157470
8796091895613
8796097966665
6258169309772
8796093579216
8796092121157
8796101750582
6258111645574
8796090405194
8796110981099
8796110488900
6258136652165
8796108448397
8796100395261
8796108887513
8796112186039
6258111617716
8796101626374
8796097840722
8796097379038
8796092548507
8796096563445
6258145396272
6258159659465
8796106824906
8796096974124
8796108937982
8796109646969
8796107730882
8796112994640
8796104921927
8796100897068
8796100650067
8796089923741
8796108323105
8796098984464
8796101223302
8796099502429
6258145968283
8796094935520
8796097077326
8796100921831
6258145847758
8796097084484
8796090576412
6258136644154
8796111430168
8796095410770
8796113056299
8796107987421
8796095318864
8796090707129
8796097529258
8796102252164
8796108945092
8796092315262
8796108156733
8796098533640
8796099492618
8796100500696
8796109258136
8796095046623
6258160072357
8796101109011
8796092089413
8796099883432
8796106259355
6258110907645
8796101386323
8796101455138
6258146064057
8796108105426
8796104484881
8796104585421
8796107959929
6258137826252
8796099205254
8796103033891
6258159509044
8796097614778
8796111287723
6258138217323
8796107958110
8796091554555
8796103537891
8796110926955
8796096044377
8796110148506
8796110769200
8796103939154
8796107756995
8796112660780
8796094936974
8796107002427
6258160134429
8796097893703
8796102235562
8796097580317
8796102981768
8796102743676
8796092602877
8796101189151
8796091374947
8796104450870
8796107014539
8796096162740
8796096145402
8796111778735
8796098562779
8796105235101
8796095929098
8796103064116
8796091579004
8796100013972
8796100194940
6258137521558
6258129365293
6258154234239
8796099871195
8796094104975
8796108481079
8796099068981
8796107455592
8796112402089
8796107183109
8796098332724
8796100286253
8796102216432
8796099126821
8796094559995
8796096862610
8796105919688
8796098379132
8796097529233
6258144924401
8796094895271
8796102110886
8796094702330
8796099536984
8796096858254
6258159743390
6258138017694
8796092351340
8796094030450
8796100460597
8796101759363
6258135206119
8796097328640
8796098742512
8796093569317
8796099985631
8796099221395
8796092070138
8796097984359
8796098840811
8796095332149
8796089829650
8796109865446
6258143176937
8796105848277
8796107684506
8796098425924
8796102648043
8796093008832
6258149128514
8796105615592
8796100741097
8796103764694
8796099615982
8796105009428
8796091933988
8796098747129
8796091484374
6258145976971
8796102900003
8796091747781
6258159953455
8796107708335
8796098235676
8796101163302
8796102874585
8796095498108
8796090279899
6258154220656
6258159759153
8796101053606
8796093260875
8796097643010
8796098355576
8796096445924
8796099071249
8796095669118
