8796149916522
8796153448174
8796133315578
8796093784713
6258141286155
8796120154220
8796153944914
8796151657182
8796118793051
8796100650762
8796146589850
8796106926431
8796130566013
8796095429506
8796142986193
8796141334295
8796135839098
8796124700773
8796137384244
8796132869046
8796135538970
8796151669029
8796097841389
8796135547688
8796141620174
8796107916798
8796116299245
8796091276602
8796115417241
8796136504704
8796102857881
8796138907535
8796142760562
8796117746031
8796134784818
8796118577626
8796100604329
8796126729654
8796098408318
8796089756851
8796132364147
8796148053607
8796109716618
8796138437906
8796095222071
8796109684379
8796129412902
8796121922711
8796093438634
6258074513921
8796145330043
8796094870706
8796101739175
8796139176085
8796134926065
8796153868674
8796148887504
8796096665830
8796109824121
8796109080591
8796098254769
8796121049865
8796133533680
8796111466740
6258061880118
8796123032099
8796121129667
8796096569226
8796098203230
8796096804871
8796121741171
8796136673205
8796148283147
8796095020632
8796153994067
6258095023391
8796118643608
8796091581892
8796119548301
8796139552146
8796108581431
8796095719121
8796095499058
8796096014760
8796110386853
8796153747790
8796119646317
6258096210441
8796137551037
6258062230615
