8796101770455
8796104796911
6257518760168
8796128022514
8796133324674
8796127778927
8796148428878
8796109468952
8796124363400
8796113727465
8796129198666
8796107791290
8796143158275
8796119926650
8796102638967
8796130867669
8796131805675
8796148508876
8796151751239
8796139653188
8796136938450
8796146631426
8796112541119
8796104243606
8796132419297
8796150286421
8796094547171
8796141445600
8796141877555
8796106342884
8796141061937
6257516083371
8796135382872
8796120774090
8796155683813
8796149105751
8796149691966
8796129838986
8796106539300
8796105889122
8796110840683
8796101400560
8796142316295
8796097185267
8796089918907
8796110776729
6257468483526
8796096868828
8796122898472
8796137513096
8796107520222
8796103345834
8796131293561
8796156212872
8796142713301
8796127720668
8796109992689
8796147724256
8796113597735
8796113768331
8796154918600
8796105718711
8796144270104
8796101472758
8796137568316
8796111295031
8796121902959
8796119774786
8796112978742
8796095269103
8796110041639
8796150637821
8796128132803
8796106650649
8796133762101
8796155150673
8796110984866
8796157532797
8796153882634
8796104587254
8796154864155
8796130580202
8796105837812
8796096471976
8796117351286
8796150278455
8796156834421
8796105860750
8796148687923
8796109950364
8796142798535
8796147091981
8796106599080
8796093750971
8796107585404
8796091087298
8796153291794
8796130783904
8796144804119
8796123573311
8796139925338
8796112494737
8796130298731
8796153210149
8796126056771
8796130176638
8796107555451
6257465956782
8796096415160
8796104248590
6257478871975
6257516380408
8796122027451
8796152340460
6257532086752
8796116910222
8796100035599
8796111889193
8796155205474
8796101581462
8796120962174
8796153930176
8796142115833
8796142170686
8796131735987
8796136722514
8796152385199
8796141324703
8796149216428
8796129349003
8796127917569
8796128042998
6257467616963
8796131865688
8796130623740
8796101351903
8796108960652
8796110812063
8796122782235
8796103405049
8796108850013
8796115305298
8796111374411
8796125345885
8796110359170
6257468664646
8796109743335
8796104708817
8796148921472
8796109929178
8796134844604
8796115987859
8796115641488
8796155548369
8796155328605
8796130678690
8796116854353
8796132612488
8796111664423
8796130943384
8796105320225
8796141644084
8796120752480
8796113260417
8796143866502
8796109117321
8796107561616
8796119839817
8796114831549
8796149918234
8796137080329
8796099056828
8796144393510
8796141373760
8796148640175
8796109913219
8796156477472
8796137926687
8796113742390
8796104898075
8796097394836
8796110172754
8796122332163
8796157451229
8796139952103
8796116015045
8796115991570
8796119685242
8796147779053
8796107823614
8796154875039
8796121924112
8796102068757
8796129326586
8796144424721
8796142929452
8796105119876
8796140588987
8796108309677
8796112016027
8796137621513
8796116475203
8796125060225
8796109546473
8796101162212
8796146426146
8796134520485
8796092624543
8796135767023
6257517250195
8796114991323
8796129293230
8796110464200
8796101768368
8796150885201
8796091533237
8796123618193
8796101071133
8796109179259
8796118757358
8796140818276
8796122462990
8796090010573
8796116446472
8796155538839
6257469428336
8796123333363
8796123734395
8796128001699
8796106933431
8796146832144
8796135962474
8796143004369
6257529516718
8796104073997
8796156043522
8796123980566
8796101677351
8796108458732
8796154580849
8796154703093
8796141305863
8796105199511
8796098037894
8796143841066
8796112322457
8796151621833
8796113503233
8796112782838
6257531881052
8796143794912
8796135127573
8796114971067
8796140358923
8796122409296
8796104970602
8796116441295
8796090776316
8796135167838
8796156133328
8796143968098
8796135530394
8796151510281
8796107061417
8796140937705
8796144763741
8796150586490
8796108114531
8796118627264
8796106374259
8796106124681
8796136889477
8796139297386
8796106739219
8796105770156
8796128302446
8796138328323
8796109709510
8796117794998
8796131236054
8796148422185
8796139079985
8796107943350
8796143522205
8796105964061
8796133523398
8796110528455
8796142064705
8796143312072
8796137946235
8796141635993
8796107343167
8796135744820
8796123882108
8796139490708
8796124216745
8796141499707
8796110043073
8796117784985
8796108379446
8796122184446
8796109749254
8796129213486
8796099445730
8796150704093
8796089977001
8796109146190
8796153274754
8796123293262
8796098982682
8796131052012
8796144038722
8796139821161
8796098451226
8796155261279
8796143245752
8796141974947
8796105314961
8796143795741
8796091053039
8796125746389
8796136150594
8796130965321
8796126863511
8796106910773
8796091872532
8796140480286
8796119470771
8796153113554
8796133444919
8796154166849
8796137668240
8796123092816
8796144359568
6257478755390
8796142213060
8796110034737
8796134853623
8796144504545
6257531883265
8796104245878
8796129962248
8796138083765
8796150509462
8796139079250
8796111988197
8796099374339
8796136365218
8796141815453
8796116143236
8796107625801
8796121132876
8796130092128
8796121187156
8796142742149
8796108540274
8796149844498
8796132420345
8796113864075
8796157047269
8796144809958
8796107649686
8796101703311
8796145966270
8796132435322
8796106239235
8796123032158
8796103766326
8796099398664
8796159462649
8796130646090
8796115770501
8796112393444
8796138958210
8796139990078
8796156365420
8796100853352
8796141426053
8796139381697
8796101376865
8796124801456
8796152290707
8796103464569
8796101917684
8796121080361
8796108735931
8796148717720
8796157024650
8796110071883
8796124126387
8796119424411
8796111997011
8796123260279
8796091642984
8796145641132
8796135595198
6257518711928
8796109989794
8796145395263
8796141937212
8796121255331
8796159430218
8796136920639
8796114017470
8796119082697
6257532019139
8796148017005
8796094548542
8796110888875
8796107915940
8796123245938
8796146586367
8796089800924
8796119047241
8796110103037
8796139228231
8796139331378
8796131816908
8796106384874
8796139039205
8796113229871
8796134584845
6257467127973
8796090954353
8796146296193
8796147861002
8796119953273
8796132879813
8796130045971
8796126645907
8796107261098
8796128943800
8796153592561
8796112424491
8796155204405
8796120927196
8796096432941
6257517054085
8796110775582
8796114571121
8796114337858
8796111227236
8796154785475
8796110005585
8796095498240
8796139927715
8796106776770
8796127755296
8796129047848
8796148017292
8796112269667
8796142387855
8796106801462
8796105677844
8796122727735
8796138024497
8796108743680
8796147591379
8796152687095
8796137789451
8796126810888
8796104036654
8796145080581
8796094620902
8796125152848
8796106435460
8796103886175
8796131035205
8796129934984
6257480615588
8796142666789
8796157201691
8796122404249
8796140267168
8796151689838
8796101539631
8796141387827
8796133040813
8796112932930
8796152106907
8796137946376
8796110781108
8796139224902
8796120371955
8796145898264
8796138932914
8796148491379
8796149970712
8796101078993
8796102667301
8796133705101
8796109646257
8796121107694
8796111980434
8796136417310
8796117222563
8796153601824
8796141115553
8796112577413
8796104230496
8796096880291
6257465742123
8796124034338
8796097739073
8796109095595
8796147212863
8796156219708
8796103531500
8796140368759
8796132849800
8796129490211
8796122751750
8796147585994
6257481804715
8796147480661
8796140494790
8796109237809
8796111156527
8796102080620
8796118463268
8796130396747
8796128239085
8796110685045
8796148739688
8796136521155
8796119649309
8796121654122
8796125844631
8796116941660
8796110255479
8796148599882
8796103957930
6257529324959
8796110674507
8796132417921
8796134880623
8796153241999
8796137119532
8796152707736
8796149158375
8796148801291
8796120250830
8796110428568
8796154438550
8796145784726
6257531816126
8796144156082
8796115855374
8796148294312
8796146113173
8796154549035
8796104400020
8796098311582
8796130052247
8796136216734
8796095998114
8796100174066
8796106500393
8796114786185
8796144715966
8796131681598
8796113230266
8796109930389
8796129309963
8796147650971
8796152290107
8796118291984
8796123859457
8796119222273
8796122454738
8796122509329
8796110714019
8796113068502
8796154518211
8796114542957
8796143856790
8796095159239
8796144583346
8796138916450
8796131598114
8796146676071
8796133081959
8796140781423
8796121725596
8796092599174
8796124375381
8796134117081
8796122677046
8796158216625
8796124566603
8796143673208
8796111516777
8796123032452
8796155728684
8796102498140
8796145820555
8796144986943
8796156173568
8796107279502
8796110837552
8796106995179
8796110399944
8796156090689
8796112265293
8796096652643
8796140785216
8796159368696
8796144426491
8796136883286
8796093387108
8796141569069
8796107397504
8796140696995
8796135593768
8796113318774
8796125405183
8796153634871
8796102915186
8796111316455
6257530922945
8796143677881
8796140404426
8796121506521
8796105659114
8796114914092
8796104201376
8796118347534
8796153134218
8796109279071
8796107660887
8796148998179
8796096121329
8796100770337
6257478999217
8796157465177
8796119892228
8796104261072
8796148639931
8796133596034
8796141246755
8796112634131
8796138070961
6257478858630
8796128145998
8796099047225
8796137885586
8796123080966
8796108912435
8796148151251
6257465907118
8796123806624
8796134626238
8796106462672
8796109709922
8796112744141
8796107338996
8796118334260
8796151505110
8796144217409
8796129362350
8796157604789
8796154384673
8796105153368
8796119252536
8796145294590
6257467490253
8796143134989
8796117195573
8796098937869
8796143554735
8796139187337
8796131577636
8796137318031
8796154617153
8796137162890
6257528365480
8796132078014
8796105594076
8796123859439
8796142847943
8796125148020
8796120903468
8796124229619
6257481774357
6257467064341
8796128836345
8796141619163
8796119283750
8796107682323
8796107237185
8796110359925
8796141155883
8796108850267
8796156941002
8796146259193
8796089923727
8796116066884
8796126521079
8796144426497
8796148254402
8796150392710
8796123158937
8796112640092
8796143363604
8796147360139
8796132686867
8796140608543
8796143292617
8796152719555
8796160198278
8796141014228
8796130539040
8796143018805
8796147741052
6257466839078
8796099101186
8796154420813
8796117705649
8796111261705
8796143572453
8796106173089
8796155914289
8796112843707
8796122556961
8796109250124
8796116488731
8796105665349
8796131574749
8796109532878
8796146402334
8796153849045
8796107977375
8796154034521
8796104222614
8796092765669
8796145895920
8796106916242
8796150232325
8796145348465
8796139485658
8796142257102
8796108598480
8796145401919
8796114195245
8796123177939
8796143598807
8796155557643
8796133245319
8796138259932
8796098579356
8796128087150
8796145592916
8796118635514
8796121342804
8796153600121
8796148201808
8796128300589
8796118733843
8796120911834
8796139989792
8796142313781
8796135258405
6257529333858
8796135493241
8796154484793
8796147165900
8796138113332
8796107873886
8796131971736
8796110748980
8796121316434
8796108630991
8796110931222
8796110138983
8796150140055
8796090525770
8796098993618
8796110757702
8796123160233
8796120306957
8796102082646
8796128862057
8796142391233
6257463327993
8796146146660
8796156667055
8796146751376
8796133054686
8796111751485
8796126992500
8796104891816
8796106825514
8796149080311
8796096798146
8796107240975
8796125340851
8796124537733
8796148145115
8796153621046
8796107083006
8796095866943
8796119205342
8796126157165
8796139141453
8796113482392
8796140273872
8796115343566
8796135691870
8796098833155
8796128984912
8796102061928
8796116104390
8796109544614
8796150084755
8796151738848
8796145797873
8796103315968
8796110208412
8796105054468
8796155423469
8796107240384
8796105775349
8796103832209
8796106964219
8796147970738
8796111254021
8796150303167
6257517487846
8796135794840
8796146593986
8796107521746
8796135032673
8796153096990
8796113801009
8796141669831
8796098232321
8796132255253
8796093566532
8796095259051
8796137362998
8796123360677
8796106578693
8796104695793
8796134829075
8796118762761
8796136034853
8796130049163
8796109935903
8796146128048
8796129686095
8796137049790
8796134499859
8796139189048
8796112105900
8796119705507
8796146973236
8796147500684
8796141282495
8796103111906
8796106509103
8796125981089
8796133472116
8796109598469
8796152891239
8796151968426
8796151261770
8796105545841
8796102545185
8796109993050
8796100374013
8796139480901
8796095581365
8796138362218
8796112584293
8796111920946
8796146808264
8796099425916
8796142004514
8796120961884
8796105785279
8796118458461
8796153023306
8796143410460
8796130561449
8796107967661
8796141466055
8796112432076
8796109146183
8796109343726
8796144991012
8796113353064
8796100373590
8796123070472
8796143127829
8796137228891
8796120563565
8796125184911
8796148643977
8796121332479
8796136871915
8796152634846
8796114519153
8796143817877
8796112297621
8796115218236
8796152728039
8796107852990
8796108547732
8796154194490
8796113992956
8796121922319
8796100760172
8796137670988
8796146341081
8796092547538
8796118243375
8796145755159
8796118627711
8796146224267
8796142328359
8796132541986
8796129748249
8796134348325
8796098445686
8796136495055
8796100802019
8796097018907
8796145149962
8796156783959
8796114914096
8796157232856
8796158650611
8796109575146
8796137020542
8796096286683
8796146963534
8796122957962
8796130782194
8796106848582
8796142804229
6257467531006
8796141171016
8796117627999
8796150291525
8796116733518
6257531076932
8796139390450
8796102984892
8796147618479
8796104604342
8796147869678
8796140037960
8796131698102
8796142379070
8796152833236
8796123424130
8796143885667
8796141538485
8796138691966
8796141084107
8796145550925
8796115930626
8796146437237
8796134151250
8796137089089
8796136342393
8796117861720
8796142783614
8796108133385
8796111931325
8796128507027
8796152417760
8796101246358
8796128993771
8796141880630
8796129151055
8796122049193
8796125380084
8796110926798
8796125502409
8796114507599
8796153182379
8796123794093
6257466710585
8796090770391
8796126750097
8796103610656
8796099456341
8796145628379
8796137955225
8796134753013
8796136465672
8796100964226
8796093304388
8796090048465
8796147644071
6257465579021
8796137949936
8796111481105
8796095670833
8796116286014
8796138379617
8796100349484
8796110999489
8796133829174
8796121814654
8796112745417
8796118355018
8796131587308
8796131796295
8796144726805
8796122899123
8796158422653
8796098253223
8796112280118
8796128042999
8796110157160
8796102446278
8796136353668
8796121427372
8796148291043
8796142576113
8796099251850
8796112790581
8796139628839
8796143422365
8796106468341
8796110620824
8796107339600
8796149866622
8796135085650
8796114643100
8796142036781
8796094174356
8796134137320
8796105188337
8796137162889
6257468797627
8796134561330
8796114115816
8796091960787
8796111033600
8796129081407
8796103334666
8796153422633
8796105451864
8796136132551
8796148463382
8796135809530
8796146394714
8796153551729
8796131969872
8796118133403
8796096298326
8796107943881
8796092288353
8796142125344
8796143423156
8796145400974
8796150414371
8796120501510
8796109102825
8796151662929
8796101494897
8796122515147
8796124413033
8796107718098
8796135433319
6257530862227
8796116262948
8796144906445
8796152882693
8796130583189
8796152187460
8796143427210
8796100502226
8796100920930
8796152625206
8796104853679
6257467238599
8796103224942
8796122281971
8796145177560
8796129271850
8796102576586
8796145879541
8796139363393
8796141696658
8796144473988
8796109259855
8796150518931
8796118225108
8796149044951
6257516090968
8796104064738
8796112896991
8796139033089
8796103411743
8796101742138
8796113848056
8796146277435
8796120890287
8796111402942
8796111294179
8796133332079
8796114054736
8796142302048
8796119824584
8796122328239
8796142762453
8796142416527
8796104685723
8796111731377
8796134550602
8796143125711
8796109272523
8796149407404
8796098428427
8796107459140
8796108046968
8796145946194
8796110893347
8796095645179
8796122469528
8796129558295
8796135369086
8796152666828
8796148776951
8796137576755
8796117810535
8796090492342
8796121439447
8796147069749
8796139644620
8796106834977
8796148592910
8796141352145
8796107301840
8796127821848
8796092144060
8796110181140
8796115902002
8796114691340
8796100972437
8796111244827
8796148790602
8796141338893
8796141517594
8796120745876
8796122225293
8796151144655
8796130706799
8796101990419
8796107336882
8796127989493
8796147419077
8796099260411
8796145048762
8796152795096
8796142699977
8796114818141
8796098108493
8796111928694
8796158306281
8796113210996
8796123268446
8796102792500
8796113892699
8796144167078
8796114276570
8796100918102
8796111595466
8796131072834
8796132469862
8796113632601
8796137937347
8796118576395
8796121814759
8796144525296
8796107802145
6257518591685
8796115042663
8796122321934
8796092890223
8796151690338
8796141084110
8796111124425
8796111594681
8796131695114
8796143375035
8796138733407
8796154904929
8796139079618
8796090847439
8796143005858
8796137348987
8796120179382
6257479076528
8796134257268
8796149595262
8796120744590
8796092537469
8796110474476
8796118895337
8796119302755
8796119219437
8796101006752
8796114638652
8796108383195
8796118017050
8796119532541
8796101986458
8796131873174
8796138509580
6257465914673
6257467007583
8796124884873
8796108905176
8796150561508
8796154083552
8796129909472
8796153233056
8796148852772
8796116431430
8796101161294
6257530857258
8796153702724
8796131822904
8796110448612
8796149553603
8796133657679
8796122736222
8796144973856
8796103152868
8796103594266
8796100502495
8796136397432
8796138754598
8796148645257
8796108438525
8796129711439
8796120502336
8796118457571
8796149597026
8796145975763
8796128887853
8796095575041
8796128949627
8796147027795
8796093525243
8796149893012
8796156109783
8796113644664
8796132508090
8796109777891
8796100741166
8796111345036
8796128511230
8796149126831
8796106691155
8796128451721
8796106857394
8796157169076
8796104336209
8796112586307
8796157295242
8796148756024
8796113852099
8796113293767
8796146259191
8796141374399
8796143723298
8796106308311
8796149548809
8796106507505
8796146796328
8796113984314
8796099227181
8796111651232
8796139373602
8796114383728
8796148482300
8796135068446
8796154655461
8796110929857
8796110129225
8796147713342
8796114642035
8796137853090
8796111488546
8796130677772
8796089745196
8796121307055
8796128058956
8796107572622
8796117509771
8796110423603
8796141661517
8796121514449
8796100360545
8796108580828
8796115317462
8796094819118
8796141207116
8796100904170
8796139878158
8796101398103
8796136514235
8796154279428
8796135088621
8796101743643
8796102170169
8796105285203
8796141277113
8796094042952
8796107297970
8796138822897
8796134442745
8796112640371
8796097949630
8796143295384
8796146048438
8796121807130
8796120654843
8796153533810
8796135529541
8796097172322
8796123242581
8796147379040
8796153517569
8796148656513
8796129494749
8796104846119
8796131157799
8796112173539
8796115209006
8796114608071
8796130247589
6257468896748
8796146160795
8796099151095
8796110243583
8796093640210
8796106284536
8796117367782
8796144967220
8796124653347
8796101487241
8796136937335
8796131868668
8796138897477
8796133811848
8796099195632
8796132374657
8796134318324
8796150045685
8796134551808
8796153864510
8796140193705
8796153068438
8796148606511
8796127917354
8796144017243
8796144572672
8796136709751
8796127733173
8796110311986
8796098484299
8796120118860
8796143684898
8796143239772
8796142307812
8796135827776
8796134853614
8796132443968
6257468878636
8796118949662
8796131959046
8796144217408
8796157992186
8796153824517
8796122252770
8796117146543
8796134043680
6257517091312
8796118396030
8796120740897
8796130520798
8796091185876
8796111915362
8796142343064
6257466558391
8796138484225
8796106876937
8796148494822
8796117649648
8796110238220
8796108430246
8796121850271
8796113462914
8796110553378
8796151508472
8796149922222
8796115008580
8796144469619
8796117010381
8796135870042
8796103245709
8796126604486
8796114833029
8796133873137
8796144320139
8796134895363
8796147158554
8796144288202
8796109096129
8796147562085
8796107227509
8796142400587
8796127852748
8796107562465
8796124481412
8796152932231
8796144382045
8796137783389
8796104622042
8796112463045
6257517193807
8796106506312
8796139323199
8796150059934
8796101464824
8796139906274
8796106576703
8796095027056
8796132753220
8796122090360
8796146252069
8796112731926
8796101757857
8796154565322
8796128066232
8796143806428
8796099436495
8796147623256
8796103551942
8796110671806
8796119556909
8796126681958
8796158417038
8796124332416
8796107308825
8796147482798
8796154918888
8796139360360
8796147411909
8796112851810
8796132892945
8796140437642
8796109205334
8796147306089
8796111364481
8796110685039
8796146185066
8796113591603
8796136677009
8796116005040
8796140505408
8796146260827
8796125751243
8796126061643
8796108027656
8796118216871
8796150277072
8796107945888
8796105776773
8796116978145
8796130838804
8796139741072
8796150061538
8796145677348
8796109718552
8796142604790
8796141999563
8796139610621
8796142438201
8796143672498
8796102035496
8796098780913
8796135940211
8796120127187
8796158060538
8796111664422
8796145946192
8796158879086
8796144376819
8796090831160
8796154864867
8796151788334
8796144884130
8796140994785
8796136807803
8796149772652
8796154033372
8796142960416
8796152922761
8796139184067
8796149915820
8796141807849
8796152639863
8796154756333
8796126085216
8796095776486
8796120240137
8796139269118
8796150791439
8796131254801
8796114856871
8796106732007
8796111058154
8796141527703
8796121218879
8796148126445
8796091751632
8796110118687
8796135986325
8796129332568
8796143456968
8796133725778
8796105037696
8796139044500
8796110972260
8796114120355
8796108860945
8796118290604
8796123528036
8796141459025
8796135472719
8796157081695
8796111161709
8796141441065
8796152367347
8796095164203
8796097660723
8796140300472
8796153134884
8796151554836
8796123624051
8796151248213
8796110996647
8796139278564
8796150104330
8796102490277
8796108627368
8796153607711
8796152133602
8796108166061
8796115908705
8796131212718
8796149915513
8796144381601
8796111060185
8796094450471
8796109230933
8796111994052
8796140066272
8796140348676
8796132566325
8796111885036
8796108828577
8796118341427
8796123710067
8796147055323
8796142550896
8796111297359
8796112730427
8796111957238
8796095518101
8796125894676
8796147320572
8796110920962
8796128082978
8796106503221
8796136411058
8796140872994
8796138954351
8796126160433
8796138022562
6257519026758
8796092649908
8796153585123
8796141277122
8796142794461
8796111577492
8796117987022
8796105485395
8796137049114
8796140328022
8796126546525
8796128345717
6257480287650
8796136061862
6257517876316
8796157164187
8796119061716
6257469426525
8796110421165
8796123808570
8796156062113
8796114856635
8796107988062
8796114445768
8796146059040
8796102537766
6257469447983
8796120197347
8796142319833
8796115333186
8796115045342
8796140053909
8796093364244
8796149050083
8796151225356
8796127742641
8796140875486
8796135169881
8796134934429
8796137992589
8796147614285
8796124988059
8796111439549
8796100193030
8796151717948
8796106728016
8796141654989
8796150189355
8796105329078
8796119776976
8796127996834
8796149185414
8796129228897
8796111058385
8796111483496
8796121128290
8796106972339
8796120892324
8796142265674
6257467203642
8796146604156
8796150076707
8796108595187
8796110608649
8796093198753
8796159810367
8796095517204
8796105841657
8796136841415
8796155389344
8796143010971
8796098079102
8796155532056
8796159579555
8796118473397
8796149436847
8796146136107
8796119186386
8796137194245
8796098092655
8796118692222
8796111345045
8796150144146
8796147379402
8796137173193
8796089515318
8796130144175
8796092941323
6257463355443
8796145809057
8796106411150
8796106259205
8796108216336
8796157514028
8796108958027
8796113758877
8796090723967
8796132286697
8796135641799
8796125852359
8796105739073
8796121708101
8796120878593
8796146948716
8796118980643
8796138568330
8796107446125
8796151377541
8796110016974
8796112933304
8796115824415
8796107953359
8796153746990
8796109490560
8796108784357
8796106810113
8796137101535
8796131845415
8796115812865
8796151558625
8796142325956
8796107418970
8796126705843
8796136680661
8796107223401
8796151249858
8796151586244
8796147869686
8796137457512
8796120566125
8796109976563
8796140596830
8796150429423
8796153626022
8796096158400
8796112265093
8796110798480
8796133436752
8796147412619
8796129525656
8796147910061
8796134135993
8796116689262
8796125244701
8796131080882
8796110228549
8796112400108
8796158005094
8796131930919
8796137464950
8796147544726
8796125677696
8796157647487
8796145133547
8796109859998
8796143829235
6257467084815
8796125215825
8796098994531
8796094267479
8796101163098
8796118957296
8796138140026
8796140393361
8796142701957
8796142141399
8796093876976
8796112088526
8796131326678
8796147134087
8796133293033
8796105436788
8796111357659
8796139728251
8796111957094
8796113344613
8796144122528
8796114937598
8796118678023
8796133721789
8796158536209
8796110598621
8796135508263
8796102419980
8796096251968
8796112523466
8796107848146
8796136616454
8796124281925
8796136062139
8796113491682
8796143942352
8796105939255
8796129700693
8796109273106
8796134111209
8796148897420
8796112308586
8796117749486
8796137600255
8796094973696
8796103314786
8796131963315
8796104782875
8796111256225
8796105459314
8796111163949
8796140074193
8796106785258
8796136783525
8796143083024
8796142100110
8796118356831
8796100932265
8796137245223
8796102585539
8796115486138
8796129764965
8796128949623
8796101125525
8796127143962
8796107727189
8796127129324
8796132615802
8796140117245
8796124596764
8796124938386
8796112757774
8796149026958
8796128223724
8796129618725
8796144550442
8796150388421
8796139478317
8796142299575
8796145337952
8796131808714
8796102433214
8796141819758
6257480791077
8796111656330
8796110352567
6257479236078
8796109110062
8796131566809
8796150855285
8796146016771
8796110137846
8796148756033
8796108419225
8796091273408
8796139721532
8796140486229
8796126757138
8796131808694
8796145731722
8796110051907
8796115906298
8796110376276
8796118866273
8796127176191
8796144829784
8796112100216
8796142167726
8796108584468
8796127760425
8796095139970
8796158723595
8796129518536
8796159422365
8796148280095
8796094923539
8796146939938
8796095607414
8796100331201
8796143607079
8796151524308
8796151677307
8796142241272
8796112290331
8796144376146
8796117929039
8796124598445
8796107729692
8796147101651
8796135189090
8796140185925
8796109175602
8796108388614
8796094775143
8796095283968
8796114963001
8796090521139
8796148220606
8796101183422
8796133866593
8796123785191
8796141742765
8796141943563
8796129632437
8796144070066
8796141014409
8796125571621
8796139008126
8796108298138
8796155859110
8796130510040
8796111632540
8796154615302
8796139400845
8796114701747
8796111123129
8796120956272
8796137331046
6257531068728
8796106435729
8796111748216
8796121594155
8796139794041
8796132503769
8796104019522
8796153111623
8796118105966
8796141078680
8796143172030
8796115334807
8796108484270
8796110658758
8796142879551
6257465708071
8796099073507
8796111817375
8796112219086
8796107182194
8796146981991
8796134999157
8796129405878
8796106276453
8796122270890
8796152538878
8796148953608
8796149240893
8796160655577
8796143921858
8796152580677
8796118676614
8796118706635
8796119957165
8796153720436
8796153882635
8796115241885
8796099887527
8796092510840
8796133719539
8796123276619
8796121594787
6257481832369
8796139221305
8796150104256
6257518451597
8796150141460
8796154209460
8796101793265
8796098935381
8796148629983
8796144111443
8796110309504
8796134427547
8796126085212
8796122691187
8796141651802
8796106370469
6257530898731
6257517312167
8796144718081
8796116778353
8796101242752
8796105333846
8796136951446
8796101516795
8796118420621
8796113347473
8796113061403
6257531863527
8796116535027
8796119892215
8796131316246
8796120466351
8796137545340
8796151403326
8796145878907
8796102983352
8796111524868
8796121507898
8796108691551
8796108903214
8796092156039
8796135743147
6257530853705
8796136840163
8796149679263
8796115331040
8796113576347
8796141056234
8796111676072
8796136742229
8796101103774
8796151299226
8796113948271
8796110555029
8796108192997
8796105665352
6257467157453
8796145372908
8796133096615
8796133126663
8796144454220
8796127460020
8796150965073
8796098168276
8796145007115
8796148352824
8796156372536
8796147608480
8796149838472
8796122011407
8796107492170
8796120880016
8796136071643
8796107546368
8796151123067
6257480766001
8796116375418
8796114375259
8796116771440
8796157895026
8796111124424
8796154639339
8796097067986
8796153705938
8796156359628
8796105095293
8796144802792
8796118549206
8796109487690
8796113757990
8796093469750
8796102310098
8796114825988
8796132127006
8796123402723
8796120306982
8796107535332
8796110871326
8796102080153
8796102131760
8796115250253
8796135378754
8796118694567
8796111151663
8796113633646
8796118557886
8796153938600
6257518623681
8796148739572
8796139440578
8796142309699
8796120229447
8796138903120
8796139199231
8796123487161
8796100137743
8796095237371
8796156792118
8796149493310
8796146339109
6257531071928
8796123882712
8796126318922
8796119385634
8796145484017
8796147164109
8796121005021
8796125509192
8796119944976
8796091791964
6257480649726
8796148945697
8796111900144
8796115985070
8796159595295
8796138002866
8796097170629
8796114610078
8796137527221
8796100194004
8796115685432
8796146928508
8796106760611
8796109874285
8796148008842
6257465879556
8796120291608
8796149840721
8796145354161
8796110680732
8796107912847
8796104519249
8796106585819
8796145595231
8796160325078
8796094090641
8796156198922
8796153353406
8796135466866
8796143742504
8796136284580
8796155922126
8796145622536
8796138159164
8796137188309
8796109028949
8796154966370
8796106387518
8796120724033
8796102988546
8796100689118
8796104363755
8796140355806
8796123907068
6257467501806
8796097333758
8796148667513
8796121638636
8796149118470
8796105274031
8796129147693
8796122507939
8796111079147
8796138265960
6257481521711
8796110378100
8796150497455
8796110742509
8796127688624
8796103301091
8796127192671
8796112061479
8796134365153
6257465537935
6257480793196
8796140813742
8796150632443
8796122487274
8796124530692
8796146324593
6257467312578
8796153392887
8796116130687
8796143497585
8796109733820
8796158664727
8796160435247
8796098156692
8796126390375
8796142350913
8796127754368
8796095846290
8796140589063
8796116889765
8796152496755
8796124399362
8796091543158
8796121142171
8796118396897
8796144149047
8796113420242
8796096485056
8796126369675
8796134205921
8796118934951
8796110464375
8796108183673
8796137456754
8796151008303
8796140759777
8796148617336
8796140180147
8796106815217
8796118005776
8796114701011
8796131207752
8796150620784
8796107395925
8796142541456
8796128246641
8796126359129
8796121692853
8796105368804
8796142158394
8796142737243
8796146899097
8796114312012
8796152341814
8796120263525
8796107011188
8796107860665
8796115074445
8796097702125
8796153719446
8796123660305
8796150242113
8796107512933
8796128181787
8796141888836
8796130362607
8796116103892
8796107675768
8796126328241
8796111638096
8796119059393
8796119281040
8796141702275
8796106316679
8796120185540
8796143512133
8796108052613
8796129015455
8796129803976
8796152808679
8796141882459
8796112552960
8796135857854
8796093770242
8796128001695
8796140252441
8796113932620
8796145958204
8796157599221
8796106665906
8796141566978
8796095595472
8796137287206
8796117433427
8796129700673
8796111726369
8796141994626
8796103328405
8796137803155
8796134060942
8796108380551
8796142395974
8796116281011
8796111270130
8796111830318
8796137116405
8796133622749
8796103950587
8796142168571
8796140658093
6257517922596
8796094451797
8796148030097
8796104724950
8796133222290
8796110504506
8796140595252
8796114685619
8796107063312
8796098803626
8796107321482
8796146935227
6257468557589
8796151268787
8796110092486
8796134497257
8796097507003
8796131121058
8796113765330
8796111437004
8796121219937
8796136383287
8796100702885
8796103173819
8796147978053
8796090226111
8796144668263
8796138407291
8796149990126
8796153927625
8796152220012
8796093209095
6257465541098
8796105707307
8796157844961
8796134971885
6257478986288
8796140761350
8796153972337
8796116241292
6257516100352
8796121128292
8796100370984
8796150771771
8796139651637
8796115981702
8796148912433
8796129476234
8796137744785
8796120260337
8796135837626
8796092484152
8796141956491
8796111634057
8796101671899
8796106707177
8796118803842
8796127969313
8796123246246
8796145525846
8796143034798
8796111563899
8796108830828
8796104374872
8796112986365
8796110550460
8796107175456
8796142315216
8796124690522
8796134088573
8796154531722
8796110551336
8796143779809
8796100125832
8796138582713
8796125618360
8796143866772
8796155818800
8796138732811
8796140473743
8796149871956
8796147724251
8796127758903
8796138523304
8796102191057
8796146481669
8796146982866
8796132186812
8796138058117
8796105183895
8796106523347
8796119039066
8796105463293
8796150536744
8796133840259
8796106649313
8796147045642
8796098859758
6257530973140
8796095084127
8796157985938
8796126404180
8796125555763
8796117984857
8796141022757
8796107945181
8796107969397
8796112269854
8796127936412
8796095222664
8796142513518
8796115895596
8796144606259
8796108250448
8796109988576
8796121708246
8796134522756
8796139730928
8796125888941
8796151545895
8796109346543
8796120371341
8796112617495
8796133448508
6257470457848
8796093696088
8796099227205
8796117393238
8796109168052
8796102830836
8796143389628
8796139089299
8796148921012
8796124141161
8796111045606
8796121922247
8796121254728
8796131120952
8796146561514
8796140317921
8796105829751
8796133299000
8796146925049
8796103177554
8796116023646
8796109847254
8796139229517
8796133660092
8796123053534
8796117179738
8796124519634
8796143100200
8796109404956
8796107775506
8796104020583
8796158070603
8796093203699
8796144424269
8796128250014
8796142374512
8796096578485
6257530797271
8796138822397
8796153105155
8796124981168
8796117086046
8796157813834
8796143212851
6257530673218
8796124781161
8796124461764
8796150413747
8796117583155
8796099411847
8796105444651
8796102279365
8796110921650
8796093601871
8796110540585
6257468694826
8796136048098
8796144184629
8796124558311
8796110783356
8796138150250
6257466722493
8796133658048
8796109177496
8796127848806
8796097665822
8796144696927
8796107671036
8796100741386
8796094453801
8796149410346
8796115142518
8796112208637
6257517408600
8796138592557
8796114606968
8796121295545
8796135144436
8796148270016
8796152556784
8796143547432
8796130385419
8796110927801
8796104850240
8796117886165
8796101243164
8796107671039
8796147440863
8796117373425
8796117158250
8796112313222
8796115553043
8796099222834
6257479903848
8796119918828
8796112406641
8796105019270
8796149597019
8796124943795
8796132692275
8796130445707
8796110525021
6257532126657
8796091503770
8796133414438
8796137667671
8796093018495
8796140364279
8796112261631
8796149279911
8796136592940
8796121967820
8796147856570
8796154306091
8796106733069
8796148180195
8796144517366
8796137018879
8796107443557
8796119853619
8796090128652
8796102098786
8796140847970
8796140740886
8796142802685
8796143032510
8796147616011
8796131747365
8796115414567
8796133846326
8796107549960
8796124924163
8796148857771
8796101247182
8796146872726
8796110597103
8796133533347
8796150458889
8796151123071
8796130485495
8796107116370
8796140101511
8796100288230
8796151596183
8796139235614
8796135537368
8796151965314
8796097898872
8796148216166
8796109461354
8796154178877
8796103862483
8796103685363
6257530871298
8796136465424
8796099443210
8796110301260
8796142408998
8796148266639
8796111751491
8796128254354
6257532317122
8796113154098
8796105715304
8796128813633
8796112122575
8796117168820
8796108451769
8796109511077
8796108105814
8796107047558
8796099397227
8796107862589
8796118960542
8796131567081
8796107776955
8796104943330
8796109569978
8796111207265
8796117618642
8796104447735
8796094957602
8796100397979
8796128584720
8796107931289
8796134178153
8796145228783
8796146164609
8796105631487
8796122301151
8796146772157
8796096710616
8796115226396
8796132364701
8796148343759
8796120882357
8796123426032
8796104482211
8796133295806
6257468256733
8796108829748
8796159337025
8796123201613
8796126617131
8796124812357
6257469454876
8796095164759
8796151906981
8796099690553
8796131414818
8796114581643
8796110547624
8796103986310
8796090231101
6257530933631
8796106911983
8796123869333
8796127399805
8796116727368
6257469477505
8796158172044
8796121453423
8796143235447
8796091434448
8796102405285
8796143407396
8796141071152
8796120511729
8796122980323
8796111425827
8796143827157
8796099894125
8796098257261
8796149454514
8796122821410
8796148085078
8796110549252
8796132631738
8796110738805
8796097680988
8796108150165
8796109605394
8796106159126
6257532042874
8796146963728
8796117431787
8796123390467
8796132667095
6257479129107
8796139476190
8796106054574
8796136663202
8796142093202
8796103360002
8796147056969
8796151236697
8796144593964
8796114235815
8796130479134
8796118855380
8796130140152
8796097968280
8796107449776
8796141061488
8796126979110
8796109947625
8796149483907
8796138087802
8796108141630
8796111192607
8796130754832
8796150324435
8796109661323
8796120230612
6257529447116
8796108266015
8796148830558
8796157427742
8796110724147
8796093807752
8796109494610
8796095471593
8796105141928
8796138094810
8796129065961
8796120216198
8796119377604
6257478725761
8796091639281
8796101686199
8796099708473
8796123084021
8796114894522
8796097123892
6257465559609
8796127787017
8796096939836
8796114721766
8796113478768
8796110608503
8796099256720
8796138418590
8796098783030
8796097937719
8796139608207
8796154293622
8796144200245
6257518702616
8796106555665
8796152184968
8796115216486
8796116228969
8796102406083
8796149396195
8796118634709
8796118584022
8796097886127
8796120487031
8796136504196
8796120327497
8796101940204
8796146767375
8796145091268
8796125621582
8796096062850
8796135511717
8796148970148
8796142802693
8796133551092
8796157059006
8796134459545
8796114166867
8796103614235
8796112131333
8796125834998
8796135990187
6257469533523
8796121715786
8796159292284
6257466020066
8796100207881
8796089785032
8796120107491
8796152121764
8796132426412
8796097800454
8796121878973
8796144951092
8796144196076
8796136766028
8796120419915
8796122781512
8796130114311
8796106040244
8796141634474
6257530509452
8796111537084
8796111655704
8796153555582
6257516320066
8796129136554
8796131338713
8796150657153
6257479111479
8796132506014
8796106332221
8796108677218
8796138303911
8796145051148
8796111481108
8796113492670
6257516159944
8796158531690
8796100375151
8796102416742
8796101362788
8796140138860
8796105064508
8796102890199
8796111884064
8796156219767
8796136151145
6257518689451
8796121357148
8796090696322
8796139691983
8796105666707
8796142394431
8796146172540
8796109385582
8796103853550
8796110381983
8796145004557
8796119315023
8796121779276
8796146470738
6257467578184
8796141536963
8796100935091
8796116933488
8796109885603
8796125690246
8796115592153
8796103822195
8796133213362
8796136555894
8796109577710
8796100323909
8796119647571
8796101628041
8796100254893
8796102356020
8796155340246
8796137303717
8796112173188
8796141370633
8796100118073
8796124831306
8796131968709
8796147412661
8796139735070
8796107002453
8796136990298
8796104650568
8796153210324
8796129838803
8796128908379
8796137127393
8796126884388
8796144268053
8796120823584
8796153085569
8796095310437
8796108212788
8796123765410
8796158714468
8796104587590
8796130089082
8796091726821
8796105225887
8796110336291
8796095616256
8796135361678
8796124141371
6257479901476
8796110549733
8796142623001
8796105312638
8796140715959
8796132259597
8796139731369
8796102022990
8796139827603
6257479313556
8796144695546
8796127737360
8796094843844
8796113184783
8796146498077
8796113190853
8796111152851
8796097644022
8796092937499
8796133447864
8796095934669
8796113514154
8796152645270
8796094605609
8796113392039
8796128257723
8796126805103
8796103388789
8796151095113
8796152398568
8796132826322
8796090909744
8796137705716
8796109745882
8796136466775
8796102342064
8796140696534
8796099000001
6257465517572
8796149215471
8796144772241
8796135370099
8796107324742
8796127034473
8796137605439
8796112707922
8796142096040
8796139047302
8796110623889
8796089703465
8796096137365
6257519060981
6257517120768
8796104143417
8796092337070
8796105420717
8796133999621
6257532032690
8796143891729
8796135474436
8796100944115
8796108849100
8796136816555
8796135747744
8796129410489
8796147144302
8796120799065
8796113105292
8796113632918
8796107520902
8796145711448
8796111858964
8796109834997
8796095771882
8796130116488
8796156375436
8796156460290
8796107679270
8796137770603
8796100669438
8796113144427
8796139475178
6257529367174
8796139083170
8796145913336
8796144382485
8796111096546
8796132715888
8796116299907
8796099585862
8796100037869
8796106982774
8796102103778
8796155951836
8796137986530
8796140637364
8796095949468
8796122976803
6257532020910
8796121670141
8796108657257
8796090832862
8796119827808
8796096522072
8796133910428
8796121055179
8796095860401
8796104676665
8796143446782
8796111564877
8796110935600
8796097237400
8796134547788
8796106294909
8796130335677
8796126210689
8796114713613
8796108990372
8796091789030
8796127460021
6257518932137
8796120115277
8796113323317
8796141734095
8796105420733
8796142772317
8796102695133
8796124782021
8796133159500
8796095393854
8796150242117
8796107995032
8796111031172
8796145909543
8796150927225
8796111411629
8796100188214
8796152196857
8796109491883
8796115873800
8796116124291
8796131920458
8796149101738
6257516158859
8796140080649
8796111370425
8796116597373
8796108363878
8796094889337
8796154337670
6257478824907
8796097518911
8796153203219
8796129841553
8796119910261
8796097028067
8796106576038
8796155746007
6257529822096
8796142375690
6257466430346
8796141482154
8796095848061
8796111301466
8796138712465
8796133402890
8796135207435
8796149394399
8796109768128
8796111098761
8796108147671
8796138442695
6257517311832
8796099367713
6257530965952
8796121049762
8796121353648
8796104078537
8796105897041
8796128450033
8796109600023
8796107007353
8796138388211
8796138425314
8796099516545
8796110402250
8796124441345
8796140732844
8796135741022
8796111960684
8796137957858
8796127405155
8796114366095
8796102836620
8796141452324
8796142282336
8796151991022
8796112463041
8796104675240
8796093655706
8796107695423
8796111660599
8796128192027
6257466600296
8796122657549
8796152917443
8796107290189
8796132047319
8796108331021
8796104774284
8796151339120
8796131023818
8796115796031
8796125132860
8796092694036
8796101178842
8796110002188
8796100553061
8796123608907
8796121380395
8796131204277
8796105468053
8796107019238
8796114097035
8796113775511
8796149576366
8796145240608
8796104301419
8796138299492
8796148657233
8796110594551
8796096179371
8796123813190
8796098047649
8796132596285
8796104598019
8796120434458
8796150765490
8796135375158
8796130629371
8796119401727
8796131853097
8796119011579
6257531026950
8796136278313
8796123236214
8796110807730
8796139646848
8796151169785
8796119918967
8796122991358
8796155596334
8796125023756
8796137502409
8796149739114
8796147888720
8796110244432
8796121963451
6257518465595
8796108949651
8796107115009
8796126904461
8796139880128
8796115392555
8796110092307
8796146694393
8796102465997
8796129512938
8796152347209
8796136198848
8796126059143
8796111361462
8796113725634
8796152722304
8796108366622
8796153027767
8796099163910
8796116821223
8796106548419
8796113471783
6257516388080
8796124315439
8796135068459
8796124221198
8796128411208
8796105522752
8796101584088
8796105245768
6257517340668
8796114034466
8796126770278
8796154673927
8796145822588
8796105241162
8796139076939
8796110538511
8796109934535
6257518321886
8796105797716
8796111681740
8796113252805
8796092187082
8796145956742
8796154372202
8796154682156
8796129784306
8796105944306
8796113003306
8796133342908
8796091831768
8796100186927
8796151993823
8796141999573
8796110485778
8796158903071
8796096215595
8796157087590
8796132339949
8796102954467
8796144546384
8796145218459
8796128238601
8796116539923
8796150258590
8796131675928
8796117463428
8796126916045
8796134234925
8796092944788
8796110844985
8796134906877
8796120040897
6257465585688
8796108137179
8796138398908
8796153169758
6257517917605
8796094413292
6257517218275
8796152106920
8796109038711
8796092186718
8796131962835
8796101469891
8796140235497
8796092260299
8796151702386
8796105636622
8796097531670
6257466027548
8796152137831
8796106910141
8796108890853
8796104804010
8796110708831
8796111926815
8796111998834
8796135458055
8796153585106
8796109511580
8796097605065
8796105513092
8796095048531
8796102256820
8796150176160
8796145413261
8796109755935
8796097667798
8796103554899
8796097174042
8796128352887
8796100147761
8796104330769
8796107040818
8796107771275
6257469379311
8796125127552
8796135023807
8796158713149
8796112160937
8796119586630
8796150458048
8796143917802
8796098576872
8796144017254
6257467424554
8796142631766
8796125728614
6257531107741
8796106605343
8796138988384
8796154638471
6257468474486
8796151497689
8796101074876
8796112154843
8796105590342
8796146300703
8796155883383
8796142543265
8796111226825
8796107786011
8796135966269
8796156289642
6257518911164
8796155179876
8796103568377
8796145286395
8796106807354
8796154522094
8796149348334
8796113865617
8796155869172
6257516161134
6257529596474
8796120965976
8796109104677
8796105664250
8796134135978
8796138044920
8796116816547
8796106363484
8796100765147
8796148247328
8796150484721
8796138515864
8796121826596
8796142457567
8796140623581
8796157562900
8796142922738
6257517649697
8796151735616
8796118051480
8796119293861
6257479200450
8796151795031
8796120092608
8796124492000
8796148255800
8796131999180
8796156474043
8796122893830
8796111860175
8796112635853
8796130094605
8796108104505
8796110077822
8796108429659
8796111144909
8796110110725
8796135228250
8796149590324
8796135282484
8796149665250
8796144319151
8796106274678
8796145936998
8796127472706
8796109740695
8796139296415
8796140386794
8796141182766
8796098656283
8796137086491
8796101720127
8796102103912
8796094560467
8796142574763
8796109111155
8796134852749
8796135379796
8796123387036
8796096891455
8796136783916
8796147119496
8796147453063
8796151630356
8796108647315
8796116806814
8796156435388
8796159778901
8796103900343
8796099937301
8796132549188
8796155037841
8796155008421
8796108650476
8796141459392
8796131185554
8796114975183
8796144275473
8796110244670
8796105402909
6257479287498
8796137986769
8796108196081
8796125861202
8796108186115
8796125509197
8796151894194
8796122981910
8796139899453
8796132766514
8796124848592
8796154503089
8796104081519
8796128540721
8796111644548
8796121273778
8796104413036
8796159238274
8796137056834
8796108270734
8796144377778
8796108931790
8796103002503
8796104398627
8796155996805
8796119125765
8796090464738
8796109552527
8796099430232
8796107009896
8796135025641
8796148246162
8796109765540
8796122781520
8796113269035
8796145589795
6257466796987
8796139683409
8796104880329
8796109860114
8796103842286
8796154655467
8796123971884
8796111136402
8796132895165
8796114584136
8796154789143
8796110108109
8796101648883
8796124177792
8796148660328
8796118313436
6257516086094
6257467420314
8796114904457
8796114400162
8796155414835
8796090469894
8796133722134
6257470311591
8796109442933
8796116618830
8796108386743
8796106490671
8796109985198
8796143941953
8796112450260
8796109266609
8796108322755
8796098262123
8796125666287
8796141116414
6257480438710
8796128904439
8796109988555
8796110418032
6257480495176
8796099643695
8796104099501
8796114122798
8796144797407
6257467513367
8796138203233
8796138239630
8796145539749
8796109933340
8796150735288
8796146668999
8796152397412
8796129265296
8796110551338
8796103577549
8796125516293
8796120497100
8796143564444
8796095586185
8796125682625
8796144695548
8796147568172
8796140031413
8796116081187
8796111425115
8796150936099
8796104215803
8796155349195
8796107007020
6257530792459
8796107433343
8796132006725
8796137779994
8796148978066
8796150657300
8796104914685
8796129985299
8796131551319
8796136961747
8796141450325
6257479075843
8796125432255
8796092316607
8796097185379
8796138797206
8796141970427
8796091411252
8796108650479
8796143234193
8796111275448
8796135431541
8796151962411
8796102522716
6257466894193
8796120635691
8796108074452
8796093492613
8796133814882
8796130244161
8796096638051
6257468701744
6257517577803
8796142154290
6257465628868
8796098497015
6257465640129
8796135106116
8796127474525
8796116886559
8796141458157
8796114435388
8796128836336
8796126485720
8796114795778
8796121258312
8796141852705
8796108930866
8796147977080
8796110548783
8796096839770
8796122747251
8796096729941
8796155229769
6257532414155
8796121772888
8796120943374
8796093387043
8796120051829
8796124848593
8796100988569
8796146668575
8796107809301
6257468138269
8796125207295
8796133181569
8796149934020
8796147861805
8796109977124
8796158000300
8796131464625
8796112881612
8796104343178
8796144146053
8796142417318
8796099981716
8796108333137
8796154925953
8796148810863
8796103395415
8796107073483
8796101891251
8796151339710
8796149864731
8796105903894
8796141306099
8796145181243
8796111226632
8796150020176
8796144855771
8796106974830
8796154431340
8796145257195
8796107844199
8796142857539
8796133037974
8796148124087
8796117630853
8796134752521
6257516099503
8796135457229
8796110739454
8796138121422
8796110668258
8796105918060
8796110306355
6257481855855
8796144653164
8796144533316
8796130954423
8796105527920
8796139775897
8796130122496
8796140469250
8796144237728
8796139190937
8796117252511
8796152862114
8796150932889
8796113190857
8796153600313
8796153101982
8796122863097
8796117022600
8796095391691
8796149780574
8796138025398
8796125447636
8796116536064
8796103754921
8796138304950
8796150380378
8796149106107
8796095673730
8796135643151
8796144399287
8796114907340
6257467127605
8796105834036
8796102105771
8796141362129
8796146032508
6257470457509
8796106641817
8796150964076
8796136200791
8796150021248
8796122137166
8796131312468
8796127607886
8796109094910
8796131594100
8796139364675
8796114690309
8796149995484
8796138777688
8796150764369
8796104577236
8796110547002
8796121461127
8796153919103
8796133393319
8796102284520
8796116591442
8796113218237
8796157604792
8796104850237
6257465543599
8796135928838
8796095721738
8796141809345
8796099181465
8796114975091
8796107469228
8796132567139
8796102845041
8796128707013
8796151354476
8796114869299
8796156153423
8796138159165
8796147375058
8796120744678
8796142902935
8796107994658
8796094174786
8796153388836
8796146563461
8796139512813
8796134156819
8796106427378
8796110405671
8796106974768
6257478072099
8796143979423
8796103922289
8796144926677
8796135642659
8796156011101
8796097986315
8796151452890
8796118271631
8796148062197
8796109575416
8796157594276
8796157203751
8796100505403
8796098018512
8796144594942
6257479114237
8796109850779
8796143655391
8796095967975
8796096065179
8796150243418
8796116785706
8796103831891
8796155181934
8796106689274
8796108251647
8796151401344
8796135791604
8796130055290
8796107878993
8796104192350
8796110308399
8796093262802
8796159507541
8796124204308
8796114462610
8796111594853
8796146198401
8796112816286
8796127912760
8796152692964
8796116334202
8796112633275
6257477044220
8796135311752
8796129489361
8796123642546
8796125618693
8796157260486
8796109577132
8796108090716
8796155031117
8796149654242
8796091252816
6257467635528
8796144263122
8796110519177
8796158316834
6257531075299
8796128749051
8796106744975
8796146314521
8796111491906
8796132113864
8796148291035
8796117377101
8796115051863
8796144797414
8796120809262
8796154304252
8796150511128
8796153291837
8796127669691
8796138946256
8796099860417
8796108256559
8796113023508
8796112111717
8796121381704
8796105208488
8796118132873
8796108355024
8796102940385
8796141831146
8796107072150
8796123541876
6257469424027
8796149620760
8796125700558
8796131181409
8796142574754
8796116839185
8796135180821
8796126364647
8796118015297
8796110000769
8796107736166
8796114370006
8796148421378
8796109955535
8796104914781
8796127203042
8796100458573
8796104505690
8796108705825
8796120560320
8796121842764
8796153361736
8796124906379
8796155807377
8796148739681
8796134778093
8796129863491
8796108752975
8796111524381
8796139398181
8796113645280
8796089674134
6257517855458
8796126113834
8796134724628
8796123989000
8796117245578
8796147211851
8796155711901
8796109948938
6257530918192
8796141714845
8796154662437
8796121427964
8796098511986
8796096824261
8796142191503
8796106911590
8796106176089
8796157483848
8796124874144
8796135044725
8796140959323
8796152186607
8796110714648
8796139319637
8796120695245
6257531019243
8796109450822
8796110070720
8796114258160
8796134061467
8796098120789
8796111118633
8796150210747
8796110885760
8796147849233
8796133968732
8796135853166
8796115110959
8796109711801
8796109933265
8796155262175
8796134912032
8796118805986
8796145150008
6257468271852
8796108489839
8796111686500
8796132617474
8796103353697
8796105687330
8796153540630
8796132273874
8796103660034
6257479916180
8796121501204
8796097518958
8796108017762
8796129618728
6257517367275
8796091596099
8796134028545
8796092841053
8796099768474
8796132431847
8796123496117
8796120684420
8796103179704
8796090527129
8796142597259
8796125880135
8796106279521
8796110761087
8796094885551
8796155968931
8796104461985
8796113476371
8796138124361
8796119389918
8796144606713
8796122134102
8796140040084
8796147131382
8796093298846
8796127825094
8796142559602
8796133040036
8796094968298
8796139653195
8796122687551
8796129721226
8796105141761
8796137782263
8796109550304
8796135241524
8796104969650
6257466860869
8796098317662
8796146403705
8796148004731
8796108991328
8796142245337
8796154542533
8796142998681
8796108337788
8796152243663
8796114575293
8796115790194
8796096791687
8796094557614
8796129638424
8796108320841
8796127323878
8796151951409
8796105085191
8796132826345
8796089981873
8796148903972
8796113644661
6257468456905
6257465454426
8796109804569
8796114642031
8796105534609
8796137707218
8796099644005
6257465501250
8796137007799
8796156850559
8796145816557
8796108860943
8796151251806
8796113131807
8796100459991
8796099585856
8796107635455
8796120983194
8796145523990
8796110179111
8796105647199
8796112965816
8796133882158
8796101248684
8796126782639
8796143822604
8796111074994
8796139051486
8796135348576
8796108873659
8796123510406
8796109663777
8796100017592
8796156701716
8796129836699
8796133101668
8796137129512
6257516018659
8796127914844
8796116577940
8796098047650
8796142673364
8796156582358
8796125903174
8796105453347
8796126778712
8796145906538
8796109643713
8796118949645
6257532286035
8796132172436
8796119090772
8796152426331
8796100548533
8796103506044
8796153335698
8796128510505
8796112167180
8796144298907
8796160952085
8796098429782
8796106220126
8796103209517
8796138218613
8796155350602
8796150584147
8796141483886
8796130114463
8796098608577
8796155972255
8796133281393
8796125577914
8796127323891
8796099879545
8796143641617
8796116405595
8796136307564
8796153156436
6257517270658
8796118581139
8796113910967
8796147299978
8796104156502
8796108733037
8796110165743
8796154212662
8796155837911
8796151093723
8796107406050
8796101533210
8796109652158
8796106303903
8796104679975
8796110990167
8796119306962
8796095523373
8796099225401
8796098685792
8796141116406
8796129581534
8796107853116
8796127872586
8796104372925
8796107353005
8796115934195
8796125822471
8796158777647
8796109092691
8796092065904
6257470401255
8796109353740
6257472925637
8796147064513
6257530695428
8796093914330
8796097450065
8796097948223
8796104109877
8796096182771
8796104635600
8796093157140
8796109211847
8796108632179
8796134531070
8796104600648
8796132782493
8796099679829
8796154836611
8796125569706
8796110127164
8796151734465
8796102206023
8796150526044
8796093315043
8796103825791
6257531298832
8796158730546
6257479249027
8796107612499
8796092806134
8796108926398
8796096765576
8796107361680
8796098447649
6257468008229
8796098196768
8796099714270
6257478666055
8796092671138
6257530711110
6257465807925
8796101498343
8796100741172
8796106895850
8796154639327
8796098263108
6257481800485
8796108637770
8796105651044
8796101237013
8796110646366
8796100906689
8796091269070
