#snapnr	v0_kms_bestfit	v0_kms_bestfit_err	a_MND_kpc_bestfit	a_MND_kpc_bestfit_err	b_MND_kpc_bestfit	b_MND_kpc_bestfit_err	a_NFWH_kpc_bestfit	a_NFWH_kpc_bestfit_err	a_HB_kpc_bestfit	a_HB_kpc_bestfit_err	n_MND_bestfit	n_MND_bestfit_err	n_NFWH_bestfit	n_NFWH_bestfit_err	n_HB_bestfit	n_HB_bestfit_err
3.000000000000000000e+00
8.304863454354598735e+28
1.546070152733032589e+55
7.545517552053134683e+26
7.341468684249379962e+51
1.906970502178750008e+26
1.565233931776223715e+52
5.464062498328609615e+26
2.222798220529551495e+53
1.479132756379845472e+26
8.847142576311952438e+52
2.682067757197060809e-01
3.170831840394404133e-01
2.356922147120862343e-01
3.106728899462237181e-01
4.961010095682076848e-01
6.277560739856641314e-01
4.000000000000000000e+00
4.221749071720785118e+39
7.431282458462399548e+72
6.937948564598938142e+38
5.105568376944895612e+71
1.155598320223655125e+39
2.422807126883904678e+73
1.161755802739237909e+40
2.929669997135254639e+74
4.396673291809295927e+38
3.957501162941946204e+72
2.699126575571263453e-01
3.132817017528532477e-01
1.786906279637829054e-01
2.835574048376073852e-01
5.513967144790907771e-01
5.968391065904605775e-01
5.000000000000000000e+00
8.210212428615840061e+42
2.967009529249109113e+75
3.321771529840725617e+42
1.183067198657142344e+77
6.474428564900717263e+41
3.215266270387929841e+76
1.454944824212475969e+43
7.402342805353265322e+77
4.617332277170630719e+41
2.402586291562755349e+76
2.439154246410776827e-01
3.111935134157646221e-01
1.628977042370263195e-01
2.633556082666191900e-01
5.931868711218959422e-01
5.745491216823838121e-01
6.000000000000000000e+00
1.658106543197068517e+30
1.403547374964225791e+57
7.263010785482025444e+27
7.290931636039586234e+53
1.083670344299836487e+27
3.862028847559512237e+54
5.069341653956885108e+27
9.344387811862400387e+54
4.382752531476568557e+27
5.056412358244832808e+54
3.285752879082292077e-01
3.263618366284057881e-01
1.756902732588032645e-01
2.869815129377901730e-01
4.957344388329675278e-01
6.133433495661959611e-01
7.000000000000000000e+00
2.078868995685701293e+01
2.323806311902371302e+00
5.311481466906634807e+00
6.987173913343418086e+00
2.174570352559511033e+00
4.043084487171812569e+00
1.650832993915996028e+01
6.088228414375742581e+00
4.717710681663345618e+00
3.393885807673207022e+00
1.693710260087546438e-01
1.262606168238529780e-01
7.071285510746430081e-01
2.120596059522652788e-01
1.235004229166023482e-01
3.383202227761182845e-01
8.000000000000000000e+00
2.070111418724188823e+01
2.057043226188895346e+00
6.009931765530144077e+00
3.969924800933391840e+00
1.906059852379377251e+00
1.763801700992597032e+00
2.301302198532775023e+01
9.602757838372989241e+00
3.087600966169460559e+00
1.713061714982109462e+00
2.951871119184194536e-01
1.545563402428929423e-01
6.178465309754486157e-01
1.929538246450733796e-01
8.696635710613187520e-02
3.475101648879663219e-01
9.000000000000000000e+00
2.134394985122974120e+01
2.509495740242301043e+00
6.676789097887442459e+00
7.655576527347262683e+00
1.942111975825867587e+00
2.438245757553042736e+00
1.951766940059188116e+01
7.829853218648726632e+00
3.407439439912973711e+00
2.954510323079929890e+00
2.444324528712137623e-01
1.049475814854455846e-01
6.652672920554304481e-01
1.756463925620063982e-01
9.030025507335581736e-02
2.805939740474520105e-01
1.000000000000000000e+01
2.418164356410614602e+01
3.505503301548144268e+00
5.285375199090340814e+00
3.099928935532463292e+00
1.634324006723494760e+00
1.562394130409240800e+00
1.508836937325623850e+01
6.761875008356137862e+00
2.540094723457785530e+00
1.437551884751682829e+00
4.147014025047637831e-01
2.297431847198168342e-01
5.189994531861019667e-01
2.667189429909552767e-01
6.629914430913430579e-02
4.964621277107721387e-01
1.100000000000000000e+01
2.409094473331154518e+01
3.060519885206380408e+00
1.038464134011777773e+01
4.346791948709289422e+00
3.856570793757402527e+00
4.423151992103352192e+00
1.263553912589692985e+01
6.232833497793468958e+00
4.051283861341302028e+00
5.338479141589221655e+00
3.834995104654663201e-01
1.780931141413938934e-01
5.190810624459036848e-01
2.008086007527280503e-01
9.741942708862993960e-02
3.789017148941219437e-01
1.200000000000000000e+01
2.622165083634246940e+01
3.105999304679862849e+00
7.215089145673129423e+00
3.544516558524813732e+00
1.750072835001648563e+00
1.597511082919633507e+00
1.117539490295025928e+01
4.928569556768824356e+00
2.635157099680177417e+00
1.121929006983180876e+00
3.645039245331764821e-01
2.890032326720710087e-01
5.453754447982074316e-01
2.916188691998797822e-01
9.012063066861608629e-02
5.806221018719508464e-01
1.300000000000000000e+01
2.340447489510730250e+01
2.358683311218165990e+00
8.746961156001066939e+00
4.808232864651401428e+00
1.791508192310021563e+00
8.250739637753538025e-01
2.204094652108224039e+01
8.030847715471896464e+00
3.659207353760965731e+00
1.805774760016945590e+00
2.574288223446938861e-01
1.265906607037873832e-01
5.958680741859270213e-01
1.643650749135144307e-01
1.467031034693790925e-01
2.909557356173018139e-01
1.400000000000000000e+01
2.780051698961949214e+01
2.956692197162790414e+00
2.441712977203134294e+00
1.938841337101058659e+00
3.288678362400164978e+00
2.040483778044885899e+00
1.473110273447279894e+01
4.071434954982380283e+00
2.651962353469681677e+00
1.622885311210682024e+00
4.328593556452088875e-01
2.056848178440804642e-01
5.225162418780543439e-01
2.012358971915581551e-01
4.462440247673682414e-02
4.069207150356386471e-01
1.500000000000000000e+01
2.308171817771343726e+01
2.282934754561059432e+00
6.893387390059252162e+00
1.191598869573346597e+01
2.136865407523351301e+00
3.401374448340575896e+00
1.900477132830610927e+01
7.000336306044014911e+00
2.641679484007709355e+00
2.591310484093859223e+00
3.732782472603621976e-02
4.716937434798470358e-02
9.381638551884997623e-01
1.403764903416234999e-01
2.450832008546399710e-02
1.875458646896082104e-01
1.600000000000000000e+01
2.555332133176366938e+01
3.629456212330341547e+00
6.354607661145569075e+00
3.918613269166807633e+00
3.786411382264541547e+00
1.995785067894332965e+00
2.005980942483948937e+01
1.070890031349317972e+01
3.095080889445248395e+00
1.619474552084274599e+00
4.536460207973866954e-01
2.420132046095608835e-01
5.142807184096307438e-01
2.445923143842435310e-01
3.207326079298256083e-02
4.866055189938044423e-01
1.700000000000000000e+01
1.641276200998598256e+01
2.139273970439738548e+00
5.403783100360273650e+00
5.629576667451217098e+00
2.018315037273609391e+00
5.620044648558584655e+00
1.362155387215692315e+01
6.392139503317046945e+00
2.986941347969484184e+00
3.497889459580177718e+00
2.091909959412662778e-01
2.085016664152297416e-01
5.684047588238730908e-01
2.684876565918740132e-01
2.224042452348606869e-01
4.769893230071037271e-01
1.800000000000000000e+01
1.678835977780587285e+01
2.405868148351891112e+00
5.284387284378166072e+00
3.630191052098603599e+00
9.993039049074798896e-01
1.632553768798266747e+00
1.450351880266960691e+01
6.367891039137769660e+00
2.662379512449345231e+00
3.251488106212394591e+00
3.299200285811125788e-01
2.265075456131123988e-01
5.411729095619965957e-01
2.457640740904023235e-01
1.289070618568908255e-01
4.722716197035147223e-01
1.900000000000000000e+01
1.637137986277980062e+01
1.836575001687887676e+00
9.084596115797566540e+00
6.761855297176762924e+00
1.290673215054804146e+00
1.547600211262824654e+00
1.834244699132572265e+01
6.210521279072354517e+00
1.843778763477128546e+00
9.159813939399414906e-01
3.433165332680704340e-01
1.306990950181158850e-01
5.364038015745148380e-01
1.789785741815374809e-01
1.202796651574147280e-01
3.096776691996533382e-01
2.000000000000000000e+01
1.814741667878442399e+01
1.773625809935667652e+00
1.131507698381223470e+01
6.260699928497545308e+00
1.128356784308208738e+00
9.982187862948943557e-01
1.177767062197501957e+01
4.827277368088217280e+00
5.209160643294294069e+00
2.101517532725760695e+00
3.406952105976178147e-01
1.086667656841285579e-01
4.057422956051267571e-01
1.584844014260623490e-01
2.535624937972553727e-01
2.671511671101909347e-01
2.100000000000000000e+01
1.958838819766195272e+01
1.362877217230110238e+00
8.291773635490173433e+00
1.906689878487706435e+00
3.104536846187758506e-02
2.783559175107865324e-01
1.174396934193630671e+01
2.692857235650229164e+00
2.965094550410008800e+00
4.264042965192784251e+00
3.789702965796945544e-01
1.091476048564761075e-01
5.978149621191302110e-01
1.354949203574516148e-01
2.321474130117517909e-02
2.446425252139277084e-01
2.200000000000000000e+01
2.012377785006190933e+01
2.271365306549930629e+00
6.287844627156052191e+00
2.680104444947871478e+00
4.522915417507296088e-01
2.366023810988641785e+00
1.210717703053802907e+01
3.745657534681540834e+00
3.214753368621038554e+00
1.440229842877076560e+00
3.951449353288313260e-01
1.870471410066563700e-01
5.783202878370555799e-01
1.602086995464101771e-01
2.653477683411309407e-02
3.472558405530665748e-01
2.300000000000000000e+01
2.055711858620453114e+01
1.612396516574727379e+00
9.236254191776739120e+00
3.165495051776144209e+00
4.690884577565324759e-03
5.464184441490048671e-01
1.107390252400608865e+01
2.368246007613270976e+00
3.490046166360711410e+00
2.146288329781218973e+00
3.240733016636152541e-01
7.378011289900138214e-02
6.449394144228051129e-01
1.168801887390417821e-01
3.098728391357963297e-02
1.906603016380431503e-01
2.400000000000000000e+01
1.993275662210741928e+01
1.497246891745679376e+00
1.273348887118058670e+01
7.140382061717923889e+00
1.582577962678748951e-01
1.016954132373512509e+00
1.294563591155981364e+01
2.693131300839268771e+00
5.146993443971119575e+00
2.885992010279000208e+00
1.404908331432821456e-01
1.172590506348026029e-01
6.156929320978624665e-01
2.057280813789279239e-01
2.438162347588553880e-01
3.229871320137305268e-01
2.500000000000000000e+01
2.128818782997691272e+01
2.858133223958367886e+00
4.635597068581529534e+00
2.005505217167688592e+00
2.186735099392191906e+00
1.410007007561532300e+00
1.214104217114690343e+01
3.263804409027129427e+00
5.676189642477336150e+00
2.270538509380234160e+00
2.511224044701750313e-01
2.447164821001163448e-01
7.016705597761606628e-01
2.759640821088155116e-01
4.720703575366425042e-02
5.206805642089318287e-01
2.600000000000000000e+01
1.776644852329699020e+01
2.256713906354011367e+00
4.779040179807426902e+00
5.784797518735095068e+00
1.708684118548531750e+00
1.177334205856119143e+00
2.842693796583549926e+01
1.112993688776269607e+01
3.119777737766963988e+00
1.247892540557825392e+00
2.104669958524562901e-01
6.652932938335427704e-02
6.841964227174480717e-01
1.708021994423583323e-01
1.053365814300956105e-01
2.373315288257126232e-01
2.700000000000000000e+01
2.235487699316719556e+01
1.907084177307300843e+00
4.142837870489731067e+00
2.148509512285373013e+00
2.249371739737595632e+00
8.036448611481541437e-01
1.456212441918743394e+01
4.978101173935164603e+00
2.885841608356273902e+00
1.885999396846656628e+00
2.432425475351404354e-01
1.028898985466020904e-01
6.566757491837729166e-01
1.816541055463647691e-01
1.000817032810866758e-01
2.845440040929668735e-01
2.800000000000000000e+01
2.166466888338871044e+01
9.974366387395294797e-01
7.238872959054154066e+00
2.257814185364449333e+00
1.320397623741146331e+00
6.314500124190219887e-01
1.753134070985010240e+01
2.060238443876606151e+00
2.282647412104908735e+00
6.267091811991639672e-01
1.989809218674955527e-01
7.197069805438569001e-02
7.288143569432773416e-01
7.820063302132053418e-02
7.220472118922716120e-02
1.501713310757062381e-01
2.900000000000000000e+01
2.390253320560448813e+01
1.543174197688454541e+00
7.339762322424332908e+00
2.132818415448092697e+00
2.619893451612801405e-01
3.696507519753526316e-01
1.616515792078474689e+01
8.399725235863222395e+00
5.179489848476740654e+00
1.813359611349459000e+00
1.716350789635655016e-01
1.044642575180583094e-01
5.651568697808762032e-01
1.100322559862891014e-01
2.632080512555583507e-01
2.144965135043473969e-01
3.000000000000000000e+01
2.886670340596824502e+01
2.041481055952610646e+00
1.003252799369430193e+01
1.761380267498650509e+00
1.635670200704106181e+00
3.928950070832214481e-01
2.079041851119125539e+01
7.138830099691997333e+00
4.282615219024626718e+00
3.353273616318924510e+00
4.394485685275005271e-01
8.250608685526483743e-02
5.363155110761778088e-01
8.881719130790638461e-02
2.423592039632160855e-02
1.713232781631712220e-01
3.100000000000000000e+01
3.518936021513957257e+01
2.842430048030497147e+00
7.468012696297342323e+00
1.368525694675819082e+00
2.332601716780978052e+00
5.055957843408270813e-01
1.685424650699733817e+01
3.615416279713889569e+00
3.622030964380293927e+00
3.650919352615946245e+00
7.185763386413204223e-01
1.485568853854715987e-01
2.785127387188782722e-01
1.422901367838809716e-01
2.910922639801305500e-03
2.908470221693525426e-01
3.200000000000000000e+01
2.478858231464696615e+01
1.113320221465830206e+00
6.664552097857383117e+00
1.977655178271538583e+00
1.691968884285953434e-01
1.568659240044920078e-01
7.702197178937812083e+00
4.155233744498899817e+00
5.746487623646484799e+00
2.744406954350618211e+00
2.917211823061644504e-01
8.702750434104186694e-02
3.576864138951044159e-01
2.203452859321835544e-01
3.505924037987311337e-01
3.073727902732253936e-01
3.300000000000000000e+01
4.266450261336134986e+01
5.139949464923236455e+00
4.237600669144428345e+00
1.667909980824270777e+00
3.746103681812908981e+00
8.638030361537283319e-01
1.028871371594548556e+01
4.572970686271161433e+00
4.476623946439763024e+00
1.511803847337409579e+00
8.311856720902083273e-01
1.872152870555424120e-01
1.653857907503936686e-01
1.925814403513833872e-01
3.428537159398059586e-03
3.797967274069258270e-01
3.400000000000000000e+01
2.303559662942462793e+01
1.618689509932833559e+00
1.754986419926635932e+01
5.544053868065878632e+00
3.353092562573239732e+00
1.676481736739346973e+00
1.296170636197221349e+01
6.273971121140254681e+00
4.742001471519358802e+00
1.061510199181302516e+00
9.822289056048651157e-02
6.813145890356551992e-02
4.349396666811129464e-01
1.562744820365581100e-01
4.668374427584005559e-01
2.244059409401236160e-01
3.500000000000000000e+01
3.365643995494428964e+01
1.599027071456872617e+00
1.648319934038619650e+01
4.254398782606625851e+00
2.258606832213423121e-01
2.017335374174626939e-01
1.704855353735227297e+01
1.637192823005102493e+00
1.905886383006151874e+00
3.447848383203016565e-01
1.405191290219886813e-01
1.565584619961007257e-02
8.334922289192363554e-01
2.881177413372870352e-02
2.598864205877493561e-02
4.446762033333877262e-02
3.600000000000000000e+01
3.500487812268978871e+01
2.666905700609961460e+00
1.373387194149325907e+01
7.737258857962702407e+00
3.072815446019935059e+00
9.697690465576912500e-01
1.805996923902442575e+01
2.992726767770715224e+00
7.409983782575904954e+00
7.167988614159379601e+00
1.626567478181712989e-01
1.256670100616650854e-01
4.708334418353609663e-01
3.045295328842183014e-01
3.665098103464676793e-01
4.301965429458833867e-01
3.700000000000000000e+01
3.658648256632608309e+01
2.211198601320577772e+00
1.075029477051315574e+01
2.707021154072760893e+00
4.731332517156294770e-01
7.527095824272812541e-01
1.848552608765959349e+01
2.939748280849249884e+00
1.614506890739917111e+01
1.505949816143930775e+02
2.095431297876940990e-01
1.852115128464015825e-01
7.765740026773765292e-01
2.104678802054777698e-01
1.388286753492939951e-02
3.956793930518793800e-01
3.800000000000000000e+01
3.864318741972351745e+01
2.944169884753325306e+00
2.779585092975418405e-05
2.910909600470619196e+00
4.149554039378044124e+00
1.560265456735345335e+00
1.571507489750478292e+01
1.266436014024588275e+00
3.723982476352516358e+01
1.405983028705459326e+01
2.059185100499922594e-01
1.174817696282833557e-01
7.285003644772776177e-01
1.767179698486610051e-01
6.558112547273009518e-02
2.941997394769443330e-01
3.900000000000000000e+01
3.429512945665631918e+01
1.850137875891113115e+00
2.937382803865746350e+00
4.736878595065523001e+00
3.404505778857628839e-01
3.624329112607201364e-01
1.697953629952512600e+01
3.685452770560617708e+00
1.795779487641760541e+00
1.462438744140341029e+00
1.512518231763479437e-01
8.360739139723717683e-02
7.895443418014329584e-01
1.577219372577609302e-01
5.920383502221904237e-02
2.413293286549981209e-01
4.000000000000000000e+01
3.310812060917123034e+01
3.212175509112112248e+00
1.058887115650796851e+00
2.303167664881233367e+00
4.252583255826236641e-01
2.126255063789637967e-01
2.043799243521384668e+01
5.833498831625249181e+00
4.574960046103405120e-01
8.482410493882067692e-01
1.275143826004121184e-01
5.112098930571960104e-02
8.606892823329725939e-01
7.602985997045019761e-02
1.179633506661525999e-02
1.271508492761697917e-01
4.100000000000000000e+01
3.266460399177445595e+01
1.767783764449627926e+00
5.679763331265114346e+00
5.926044501815763255e+00
2.582126983906402273e+00
5.749176785163879089e+00
2.266405505456182823e+01
6.312756975213058119e+00
1.224805153217435283e+01
1.126298988135748758e+01
4.194248446221464756e-05
9.833608846381958202e-02
7.915808571411560024e-01
3.634183635948857183e-01
2.083772003743817880e-01
4.617544520587053003e-01
4.200000000000000000e+01
3.752246039636858654e+01
1.604661868358598031e+00
7.338468440934066805e+00
2.516523500571534555e+01
2.105651456838702751e-01
1.099536314043103502e+01
2.030158543439857866e+01
1.117139678467190977e+00
8.499158540735743728e+00
5.275708801010535076e+00
1.858716590563926718e-06
4.450253404349115149e-02
9.997854001223491771e-01
9.663206253188103001e-02
2.127411610602925052e-04
1.411345965753721954e-01
4.300000000000000000e+01
3.838586757148522821e+01
5.613604622729462257e+00
6.081765195834896609e+00
2.216284542845261551e+00
2.025696094778065781e+00
4.526913960463315512e+00
2.469836264903943857e+01
3.079042711848268610e+00
2.173061111962991454e+00
5.410550786079123320e+00
2.096942161108464238e-05
3.285366239303802449e-01
9.159822100128656164e-01
3.333530701642329341e-01
8.399682056552326692e-02
6.618896940946131791e-01
4.400000000000000000e+01
3.595885660389123473e+01
3.624839208545582281e+00
1.604644233071747905e+01
5.677788224357139590e+00
9.394585717775214562e+00
4.859014361118606296e+00
4.526298287327829684e+01
1.143956424723358367e+01
5.884252497759816514e+00
2.139112382815048896e+00
2.025529039940338061e-01
9.597495647391615647e-02
4.798268516053313948e-01
2.467041676303251552e-01
3.176202444006348546e-01
3.426791241042412839e-01
4.500000000000000000e+01
3.734169952291963313e+01
8.318325984400923190e+00
5.950195279577520369e-01
1.716192403011000511e+00
1.392672874688849260e+00
6.217496029400595425e-01
5.336515409538682775e+01
2.157911222201706281e+01
3.156208420320143304e+01
1.112590270982398977e+01
6.022704554631319596e-01
1.800352081511898961e-01
3.917700441706831738e-01
1.433121287125282417e-01
5.959500366184866671e-03
3.233473368637181378e-01
4.600000000000000000e+01
3.646636673359042646e+01
3.420365977563153859e+00
5.567673467305872363e-03
2.280244398306342735e+00
7.369440859027277213e+01
3.699520267461691958e+01
3.867312131190418967e+01
1.209216356686901150e+01
5.999728639965422161e+00
2.024086053338163271e+00
6.006618172561800639e-02
2.545485288653848155e-02
1.026240958733121988e-01
4.299262558832964154e-01
8.373097224010698225e-01
4.553811087698348969e-01
4.700000000000000000e+01
3.670664418186133560e+01
3.314196760384496176e+00
9.312569248293995478e-05
9.649550989879760454e-01
1.460308357573607774e+00
1.529929696242906811e-01
3.675761772684005280e+01
8.983349760396553307e+00
2.169224757111430368e-01
7.396365612639139719e-01
2.696333919786186861e-01
9.397567838740333857e-02
7.256465156998974653e-01
6.613046721384904791e-02
4.720092321483848607e-03
1.601061456012523865e-01
4.800000000000000000e+01
6.416592621837587274e+01
4.004662758968750680e+00
1.753883536705403312e+00
5.664851169139718534e-01
1.308946041865800147e+01
3.325952541494004766e+00
2.753929494986237003e+01
2.746121436023206464e+00
3.036604691805421030e+00
6.771114766844362753e-01
8.571180768377159032e-01
2.611325458000669508e-01
3.210440020869449133e-04
2.983202190706769064e-01
1.425608791601971070e-01
5.594527648707439127e-01
4.900000000000000000e+01
4.605673089304938372e+01
6.264158664317011294e+00
2.907042399315984058e-02
3.443728534514199691e+00
1.661145813068984234e+00
5.952433968832153255e+00
3.265736031235420000e+01
1.191123673251275328e+01
5.947453707024894243e+01
2.520456373637324532e+01
1.091726839338560406e-01
2.868425473230798439e-01
8.795784428907059693e-01
2.872676704487069910e-01
1.124887317543799004e-02
5.741102177717868349e-01
5.000000000000000000e+01
4.882343166065606965e+01
3.780902428777726421e+00
1.002390503786751985e+01
4.218871308819099220e+00
2.658790479226177794e+01
6.915768668271425668e+00
1.231047214895960593e+02
2.018595016196877907e+02
6.731513189545064613e+00
4.583575021964330531e+00
2.989736686154553236e-01
1.322251258366314575e-01
7.933929611773226850e-03
2.033700652214527616e-01
6.930924017727714270e-01
3.355951910580842190e-01
