#snapnr	v0_kms_bestfit	v0_kms_bestfit_err	a_MND_kpc_bestfit	a_MND_kpc_bestfit_err	b_MND_kpc_bestfit	b_MND_kpc_bestfit_err	a_NFWH_kpc_bestfit	a_NFWH_kpc_bestfit_err	a_HB_kpc_bestfit	a_HB_kpc_bestfit_err	n_MND_bestfit	n_MND_bestfit_err	n_NFWH_bestfit	n_NFWH_bestfit_err	n_HB_bestfit	n_HB_bestfit_err
3.000000000000000000e+00
6.969579395635135006e+04
1.433331503004740238e+09
2.492898259325728759e+03
4.439124938972041756e+07
1.019141629161465062e+03
1.588895672619738989e+07
3.535428010068535514e+03
4.585434355399551988e+07
2.421202557919167475e+02
9.743122511724004522e+06
1.965298884294072179e-01
2.726612729406461266e-01
2.382803368983866243e-01
3.006308196096313945e-01
5.651897746722061022e-01
5.732920925502775766e-01
4.000000000000000000e+00
9.682111823110310361e+05
6.491077180063411250e+14
9.020078345098227146e+03
3.270554727804288574e+12
5.164430486529920017e+03
2.063021884332125977e+12
7.410641541272214090e+04
3.911125517174874219e+13
1.192717132250539726e+04
5.335063340940873047e+12
2.394582866836289237e-01
3.002932952319873894e-01
2.310863949580798937e-01
2.875657095409537845e-01
5.294553183582911826e-01
5.878590047729411738e-01
5.000000000000000000e+00
9.509381254377406836e+07
1.509281134936146500e+15
1.119763623631428462e+06
1.354553346782288086e+13
3.298025180951379007e+05
3.308505660407498535e+12
1.759570462073799223e+06
1.177282448426279102e+13
2.375810412147018593e+06
4.531365313585457812e+13
2.342865848793014016e-01
2.939218795176308796e-01
2.256579745843021456e-01
2.987627617330727015e-01
5.400554405363964250e-01
5.926846412507036366e-01
6.000000000000000000e+00
3.624931725854167938e+09
3.188050082137625500e+15
2.372186035108194053e+08
1.653084276331152500e+14
8.883572159511709213e+07
8.218651204590143750e+13
5.274033353306752443e+07
3.224289360586004297e+13
6.375402309126087278e+07
4.857471340291275781e+13
2.536954251952993067e-01
3.058794422220047493e-01
2.585133138794920016e-01
3.071147491453161682e-01
4.877912609252086362e-01
6.129941913673209175e-01
7.000000000000000000e+00
2.181896474861511237e+01
3.248630946946418518e+00
6.211509953440479848e+00
1.589648119659466730e+00
1.509492130673115495e+00
7.446575073253198784e-01
1.430706977353772302e+01
3.506487772198237707e+00
2.553327823428520382e+00
8.649288018823519941e-01
2.452823345617705098e-01
1.595688196234602008e-01
6.114896318133242747e-01
1.850364458022014102e-01
1.432280336249052155e-01
3.446052654256616110e-01
8.000000000000000000e+00
2.358523499501844256e+01
2.975419478056055222e+00
8.627174120446376548e+00
2.837509168356227462e+00
1.674071719354007559e+00
5.736332259866925298e-01
9.532057716352387189e+00
4.494805194335894427e+00
3.061690371298892543e+00
1.418254158138190002e+00
1.902410019492484228e-01
1.133694202900861897e-01
5.520012875562503307e-01
1.753782537303918698e-01
2.577577104945012465e-01
2.887476740204780734e-01
9.000000000000000000e+00
2.457587517864410032e+01
2.891880634228249924e+00
4.080542772385550521e+00
1.912822812919053650e+00
7.857764833700462415e-01
3.143483996103162426e-01
8.529422507382863117e+00
3.159450753117570176e+00
1.654402275229914565e+00
8.326514343562863019e-01
3.057891692336832112e-01
9.993121717302830276e-02
5.368748077662027773e-01
8.083683264896084075e-02
1.573360230001139559e-01
1.807680498219891296e-01
1.000000000000000000e+01
2.452904787636921924e+01
5.095215932223649880e+00
7.449001806775828349e+00
3.236067368827346247e+00
1.391855122106218534e+00
1.890350591039140937e+00
1.118088051504399161e+01
3.514157900925588329e+00
1.816777275960777871e+00
8.162674402744802826e-01
3.986031651986050028e-01
1.875645041339458752e-01
3.206638323021292480e-01
1.679910996531182865e-01
2.807330024992658046e-01
3.555556037870641894e-01
1.100000000000000000e+01
2.308790012097509958e+01
3.198362081952029978e+00
9.926387943967505123e+00
3.706117261520102346e+00
2.945096198833939471e+00
1.532930401540862020e+00
1.685726720580611016e+01
6.061288708516436863e+00
2.794638859131107989e+00
7.933521272017596271e-01
2.318044290307688104e-01
7.899325097707961263e-02
5.523729760265663202e-01
1.020342778231966563e-01
2.158225949426648693e-01
1.810275288002762828e-01
1.200000000000000000e+01
2.526002988589385012e+01
2.817343424861642909e+00
6.744153601035408840e+00
2.812132678882868220e+00
1.268520674571823159e+00
4.091708444870875150e-01
1.212628942827221756e+01
4.014601340860641798e+00
1.907995629536436644e+00
1.109910611496301547e+00
2.021090827668907131e-01
1.438939476405375339e-01
5.465841071743552382e-01
1.771528237877147416e-01
2.513068100587541043e-01
3.210467714282522755e-01
1.300000000000000000e+01
2.364702844009937976e+01
3.671744556758893552e+00
9.721054136775608256e+00
2.908479927616086425e+00
1.457499944853635210e+00
5.624557315866884899e-01
2.149952252438619027e+01
1.026977496415807423e+01
5.895856875162739819e+00
2.247871333582728948e+00
1.376519575919589178e-01
7.866169372200315646e-02
5.700950673848803607e-01
1.586585768465804680e-01
2.922529750231607215e-01
2.373202705685836245e-01
1.400000000000000000e+01
2.694757372137971174e+01
3.270697613831119455e+00
8.036461489154476112e+00
5.062528619661548213e+00
1.195176958871818407e+00
4.001887104255402172e-01
1.186918627318152097e+01
3.860841613810064743e+00
1.891869310261652171e+00
6.396806828806412826e-01
3.277526863354360276e-01
1.439267295224124499e-01
5.322469533663881647e-01
1.769669619807456573e-01
1.400003602981758632e-01
3.208936915031581072e-01
1.500000000000000000e+01
3.014005942889953715e+01
3.283692952586108937e+00
2.635862187532330037e+00
2.673532955074808370e+00
1.851350721554766876e+00
5.657772686792426065e-01
1.047485287045430447e+01
3.830484766937757524e+00
1.797390672967726921e+00
6.293044449307915178e-01
4.476565932300100581e-01
1.562290859962905398e-01
4.218046427938526022e-01
1.470893245488406331e-01
1.305387639761372842e-01
3.033184105451312007e-01
1.600000000000000000e+01
2.802825991150562857e+01
2.585251067162281480e+00
2.228512799507558206e+00
1.804705759750440563e+00
1.052715830886853610e+00
4.342698779973620526e-01
1.418301873693390114e+01
5.514076598903926651e+00
3.085488830993099452e+00
1.277230373871847346e+00
2.333472677913724092e-01
6.593291500327309873e-02
5.811840794355088713e-01
1.717365915593001557e-01
1.854686527731187473e-01
2.376695065625732406e-01
1.700000000000000000e+01
1.661714856208465108e+01
2.459828513014250095e+00
9.475878994614078010e+00
3.595007818048491011e+00
7.861085332062365261e-01
5.891816291501482672e-01
1.170360036427074846e+01
4.305522890505856459e+00
3.027550512010186434e+00
1.147058833531311217e+00
2.961073202158635009e-01
1.204493206720944065e-01
4.148842677182406624e-01
1.413235892435194263e-01
2.890084120658957811e-01
2.617729099156138606e-01
1.800000000000000000e+01
1.558827847158052471e+01
2.721269514281657198e+00
5.564391164919290311e+00
2.773013579293127417e+00
1.377706035213640323e+00
6.832557615501810844e-01
1.485629959914375497e+01
6.369507239029479351e+00
2.603392312670355757e+00
8.293549006367897380e-01
1.484244328182428574e-01
5.467184096044361286e-02
6.741789584043964556e-01
1.358068612407037079e-01
1.773966087773606315e-01
1.904787022011473208e-01
1.900000000000000000e+01
1.761917871012688863e+01
5.126531831094120584e+00
6.262935266274731738e+00
3.359265409275672631e+00
1.058580312886682639e+00
4.205819193278519386e-01
1.399000889591263075e+01
5.735589595098669946e+00
2.691028122796665922e+00
8.318717298563134133e-01
2.314966033558340519e-01
1.026542139204630888e-01
5.125797220124883591e-01
1.666955731301340005e-01
2.559236746316775335e-01
2.693497870505970893e-01
2.000000000000000000e+01
1.810174284111405285e+01
3.708528180704783850e+00
8.076265400960583207e+00
2.505170531944779455e+00
9.573750502122885253e-01
8.170043248519892609e-01
1.626737174819827203e+01
5.267489795977334133e+00
2.211343151538094798e+00
6.282295335831808991e-01
3.734380316096406749e-01
1.154197095651382787e-01
4.888424961140258040e-01
1.326949073097512255e-01
1.377194722763335211e-01
2.481146168748895042e-01
2.100000000000000000e+01
1.860758867769146008e+01
3.700705992348090945e+00
1.204558870349868904e+01
2.415117644614323211e+00
1.110625030785193701e+00
4.556588975554184406e-01
1.484663138532854099e+01
6.953596168713621850e+00
3.302339349292745752e+00
1.048498369632339555e+00
4.132712156083871990e-01
1.436714153326514309e-01
3.809278559996340796e-01
1.637650751323444509e-01
2.058009283919787213e-01
3.074364904649958818e-01
2.200000000000000000e+01
1.941767769724696535e+01
2.583035261269620353e+00
6.432626764150970899e+00
2.946613782227526901e+00
4.124258025680367368e-01
3.972849348692257809e-01
1.261810665815447408e+01
2.413622864603056861e+00
2.309639976877805090e+00
6.272160735769396478e-01
2.660253433884298135e-01
8.448850035513853773e-02
6.797420704182409734e-01
1.436052139548367745e-01
5.423258619332926855e-02
2.280937143099753261e-01
2.300000000000000000e+01
1.989604300734791309e+01
3.391420988290752003e+00
1.016134464842134122e+01
3.038857666266807644e+00
6.425352984542679335e-01
5.978695602639333417e-01
1.438546733843007530e+01
4.473314507243172145e+00
3.910353189761738069e+00
1.418371535943200090e+00
3.184677612064492069e-01
8.649781561915027839e-02
5.044195028060667330e-01
1.460737873318068425e-01
1.771127359874840046e-01
2.325716029509571348e-01
2.400000000000000000e+01
2.122826030283605903e+01
4.009079069261662909e+00
8.168640706920959005e+00
1.839776982789768089e+00
4.371368888112328044e-01
5.590520584065573617e-01
1.035293772521469968e+01
2.363229755669173038e+00
2.056761799621078524e+00
6.111705746827948982e-01
2.856963842314225177e-01
7.240296567484548473e-02
6.680187794003048518e-01
1.249268752167250612e-01
4.628483636827263048e-02
1.973298408915705460e-01
2.500000000000000000e+01
2.080687822100299300e+01
2.938308899337822133e+00
6.554363305792729300e+00
1.781390254365355919e+00
1.001483553114216551e+00
3.042111224667377600e-01
1.218678521278520854e+01
2.901709274992341658e+00
2.337158024275155732e+00
5.847563552202651449e-01
2.000278461382334616e-01
7.433072271014774801e-02
7.550778776942238535e-01
1.221189285312284795e-01
4.489427616754271266e-02
1.964496512413762275e-01
2.600000000000000000e+01
2.123437576268161919e+01
2.688359976910656535e+00
4.775243299693451071e+00
1.925920938838031615e+00
1.290420304781592087e+00
5.698514220897573646e-01
1.278764896131943729e+01
3.781452074260452267e+00
2.508336347303387726e+00
1.303430463689956520e+00
1.421672418363238988e-01
4.113828155812040976e-02
8.004598902795303506e-01
1.076184169427144288e-01
5.737286788414575067e-02
1.487566985008348386e-01
2.700000000000000000e+01
2.164527459689237787e+01
2.616175559601124689e+00
5.473130649050099272e+00
2.531190245714371567e+00
1.226711618745105259e+00
4.341881265806381562e-01
1.643524235850101434e+01
3.532832116816459145e+00
4.678047583064667947e+00
1.048201322235148725e+00
1.510470228067830878e-01
4.232548788710453758e-02
6.426661402775215581e-01
1.331260175233619503e-01
2.062868369156953818e-01
1.754515054104665017e-01
2.800000000000000000e+01
2.440417039865823057e+01
3.359340711680927072e+00
7.453851744135786106e+00
2.167641685881195546e+00
2.940707164414406716e+00
2.226166046521170561e+00
9.499069899362645231e+00
2.046205130056605093e+00
3.883965649794639763e+00
1.444062233985714316e+00
2.562753456181036671e-01
6.771263845221864308e-02
6.633071682058282459e-01
1.610882696519056190e-01
8.041748617606803151e-02
2.288009081041242621e-01
2.900000000000000000e+01
2.414288261333091512e+01
3.528513680389888663e+00
7.874908868294069109e+00
3.013390090604330052e+00
1.586467258184192541e+00
6.185869192595908617e-01
1.494593768889495244e+01
4.268035413684311052e+00
2.571765408176803991e+00
6.503404856264914935e-01
3.248637607971762709e-01
8.550114837410281721e-02
5.412248846934346602e-01
9.744322455354298418e-02
1.339113545093890689e-01
1.829443729276458153e-01
3.000000000000000000e+01
2.819419629111614256e+01
4.007985169724715746e+00
7.580042393683799951e+00
3.352547343090007459e+00
2.172004619787336388e+00
1.187271452458501519e+00
1.744452227096669006e+01
4.765655263203227854e+00
3.778158393090089273e+00
1.481155389436417114e+00
1.053411957122661335e-01
1.111704517665646347e-01
8.491249091536617888e-01
2.961412151363965184e-01
4.553389513407202216e-02
4.073116669029611669e-01
3.100000000000000000e+01
2.678940964016536341e+01
4.738288396128920610e+00
1.065042131887544308e+01
5.766457409057295536e+00
6.699461529807315685e-01
3.107260900664389203e-01
2.226807838478308454e+01
6.361243837623376862e+00
2.926836752606086556e+00
7.776685764916645427e-01
1.750954094601551159e-01
3.847902842594652650e-02
8.132318459645374586e-01
1.350374173535339173e-01
1.167274457530742549e-02
1.735164457794804438e-01
3.200000000000000000e+01
2.259471359496679810e+01
3.760237988233635420e+00
1.178176240237972117e+01
2.030203043100723193e+00
2.985596197722680811e-01
9.733182723144763182e-01
8.789710542482653821e+00
2.463501602557851111e+00
2.776013117333945068e+00
6.747656262508000546e-01
3.199650773207033949e-01
7.651494872203315478e-02
4.599994154738449859e-01
1.326008655513253864e-01
2.200355072054516192e-01
2.091158142733585412e-01
3.300000000000000000e+01
3.258497514609197765e+01
4.474287129849813027e+00
9.529871568133202686e+00
2.737575891556949692e+00
9.573132127892562959e-01
5.787192735629234086e-01
1.904827159791535252e+01
7.336487534982313541e+00
3.336271483548507444e+00
1.287080062958753102e+00
2.496767305456966679e-01
1.868569500807339967e-01
5.687827819483006753e-01
1.650877023080066786e-01
1.815404875060027123e-01
3.519446523887406753e-01
3.400000000000000000e+01
2.350531898044113532e+01
2.544790517270166585e+00
7.778067299592818173e+00
1.287145840882269576e+00
1.643029418346648729e+00
3.599350529665268361e-01
1.480734160392357346e+01
2.654729719916822273e+00
3.573389805264519659e+00
9.695302383154219550e-01
1.547873394463786523e-01
7.926551815888439878e-02
5.289100539648083910e-01
8.154307462972329446e-02
3.163026065888129290e-01
1.608085927886077071e-01
3.500000000000000000e+01
3.654652368960250186e+01
2.891877331521413463e+00
6.747010716549247888e+00
6.886270032389074203e+00
1.514731289090805566e+00
1.361086592537080753e+00
1.563726111932821716e+01
2.422421718751337938e+00
2.142866143799547540e+00
1.819382953359419908e+00
2.214191789589032844e-01
5.127375816707247652e-02
7.161234203486304128e-01
1.341971253925890728e-01
6.245740069246630277e-02
1.854708835596615424e-01
3.600000000000000000e+01
3.623889256361366762e+01
2.379789395913371575e+00
6.469848782058775782e+00
1.938548504286326857e+00
3.817016535108897379e+00
1.159377780627966814e+00
1.428676187832378730e+01
4.161656722917685514e+00
4.016649369941619696e+00
1.679893502294934393e+00
2.123665009229810385e-01
3.115049449303979034e-02
7.633778308836431936e-01
8.536445006222460885e-02
2.425566819337576785e-02
1.165149445552643992e-01
3.700000000000000000e+01
3.670757191105270323e+01
3.199457669953461370e+00
1.426819518979433177e+01
3.339821635394917276e+00
1.096864966645257455e+00
3.197538893229416312e-01
1.745082509962140449e+01
3.559602521073017556e+00
2.803821915018920752e+00
1.260208893536745700e+00
2.608548153662746949e-01
6.570338022311829340e-02
7.232328567902222005e-01
8.767273186905351345e-02
1.591232784350316010e-02
1.533761120921718069e-01
3.800000000000000000e+01
3.866734953104386818e+01
4.177136272554730745e+00
5.654834826404636416e+00
2.487423333844975382e+00
1.867427161400583957e+00
7.471780753053460344e+00
2.177462999660873777e+01
6.506306625588606174e+00
7.480994691709332400e+00
8.651178135287763027e+00
1.024686382318785267e-03
1.863815060027465553e-01
5.256583746755315589e-01
2.419774467108402605e-01
4.733169389421496565e-01
4.283589527135868158e-01
3.900000000000000000e+01
3.560443238552370104e+01
3.256749326031824321e+00
5.145878743384638909e+00
1.807939567711764006e+00
3.779854705979273644e-01
4.084754682002996184e-01
1.549774405168706792e+01
2.819108643683623239e+00
1.841366997599065414e+00
3.592224740638420011e-01
2.010066611543191439e-01
7.144931132553582198e-02
7.523951731855191838e-01
6.321643745407877490e-02
4.659816566016172779e-02
1.346657487796145969e-01
4.000000000000000000e+01
3.618198412931236163e+01
3.292808700224379770e+00
1.983912067347846531e+00
3.608269874360212182e+00
4.038573514295872857e-01
5.687417077922560793e-01
1.528018384571522503e+01
1.956372960399487715e+00
2.078312826469571828e+00
1.197791464371192438e+00
9.899533898385173836e-02
7.367030317323933208e-02
8.791453449846187151e-01
1.262865084134113247e-01
2.185931603152957425e-02
1.999568115866506568e-01
4.100000000000000000e+01
3.513527796750880583e+01
3.447500111409690149e+00
1.273621590198784048e+01
2.643192503105739721e+00
3.372239173567810333e+00
2.235950586936537032e+00
1.479451430327898187e+01
4.954002369515629667e+00
5.299896892168955986e+00
3.848822792685006267e+00
3.531569835109335531e-01
1.941863577352061221e-01
5.862728028008217240e-01
1.979171152402319223e-01
6.057021368824466734e-02
3.921034729754380166e-01
4.200000000000000000e+01
3.752384389466242709e+01
4.307429023244494282e+00
6.707733195877565890e+00
1.258796478835053190e+00
6.972351386407638074e-01
3.779856828384196565e-01
2.030106439904179538e+01
2.727263494170368840e+00
4.322072128412158598e+00
2.359589196731712857e+00
1.146708481746177644e-04
1.004924590152169450e-01
9.991833477017405540e-01
1.428137267409110844e-01
7.019814500848209349e-04
2.433061857561280295e-01
4.300000000000000000e+01
3.844320886479782473e+01
5.045112075265278939e+00
9.677964191414027084e+00
3.390907450762980169e+00
2.969106476275747308e+00
7.656519426329168043e-01
2.525778773648603348e+01
6.277878615589248312e+00
2.705737260400373323e+00
2.900691188259818976e+00
1.597927533321736315e-01
1.210868989576953658e-01
8.173387113192939202e-01
1.706817546046468792e-01
2.286853534853250380e-02
2.917686535623422728e-01
4.400000000000000000e+01
3.939291907097977941e+01
5.149511924826881248e+00
5.856732699922280183e+00
3.527554829073131781e+00
9.029464406968621404e-01
5.999981675127663561e-01
2.578071706368626437e+01
4.328258091435659871e+00
4.541255456932181467e+00
1.571408399768952080e+00
2.359100362141233406e-02
6.688858567898270380e-02
8.973942659261304744e-01
1.411640731774226887e-01
7.901473045245721583e-02
2.080526588564053925e-01
4.500000000000000000e+01
5.170519504902415520e+01
2.899859542928640899e+00
2.453583570057258356e+00
3.300309658770846699e+00
1.616930733836654754e+00
6.374556414304485275e-01
1.096087467327903120e+01
1.438725739263494230e+00
2.981252843797695729e+00
2.007565979201851647e+00
2.518267078696887484e-01
4.957368846990929667e-02
6.158190506016988364e-01
1.612825574547452345e-01
1.323542415286124152e-01
2.108562459246545173e-01
4.600000000000000000e+01
4.453108708331936327e+01
3.588356064041674731e+00
5.369834538018244174e+00
3.215677562879660112e+00
1.772471011234111105e+00
8.801838728512274557e-01
1.404192194277060679e+01
4.713047792659622814e+00
1.563315691200642510e+00
1.059494527392372820e+00
1.039394679994820776e-03
9.058482356227716414e-02
9.422543615924361404e-01
1.427598547685145491e-01
5.670624372756905007e-02
2.333446783307916994e-01
4.700000000000000000e+01
4.563127323022492021e+01
3.274504135669241478e+00
2.232047258951829205e-01
3.005116997452720540e+00
1.089800491804348237e+00
2.767769878523588800e-01
1.567218257727800967e+01
4.528723127863748310e+00
1.966074970749185802e+00
6.947198113585281165e-01
6.887144044116497166e-02
7.360537849448565983e-02
8.972706570507827939e-01
1.378024431442989861e-01
3.385790250805220669e-02
2.114078216387846321e-01
4.800000000000000000e+01
5.787563310534604710e+01
5.420633512579455804e+00
4.126294503756244403e+00
1.677882604446314874e+00
9.265080057447491413e+00
3.596452621019013751e+00
1.709533041803631903e+01
6.148978055355607708e+00
1.605402054632501407e+00
1.577609948456000666e+00
3.367004427923687704e-01
1.047783478497371218e-01
6.045376463742331286e-01
1.428124347969590979e-01
5.876191083339810106e-02
2.475907826466962058e-01
4.900000000000000000e+01
4.905891955532438686e+01
6.930850543722039347e+00
6.233157173719275690e+00
3.606842090882827812e+00
1.445465343883806764e+00
5.098642834615525032e+00
2.723289538092104323e+01
5.530567707685011491e+00
2.947078908977286638e+00
1.467014140468615002e+00
1.724221083957092407e-02
9.865762982869590025e-02
8.752918899659254404e-01
1.565517449436317765e-01
1.074658991945036668e-01
2.552093747723276906e-01
5.000000000000000000e+01
5.174940077507469027e+01
6.375019046754534457e+00
8.268248161274236452e-01
4.540212500640843807e+00
6.783459599741883395e-01
5.242660775003522566e-01
2.521147687963504680e+01
4.364919412588687209e+00
1.651541536227181473e+00
7.220367556653939367e-01
4.405948468350653208e-02
1.046273136531826742e-01
9.271851557713632896e-01
1.141943731043220805e-01
2.875535954513019909e-02
2.188216867575047409e-01
5.100000000000000000e+01
5.509930244524920084e+01
6.518685283909933403e+00
1.842828525704867815e+01
2.374478849438024852e+01
1.830512304431724857e+00
2.524296594465011090e+00
2.269051733464127807e+01
4.259063111144342884e+00
8.572609102771293621e+00
3.885857315488847608e+00
5.106511883734272950e-02
3.695964351450464758e-02
8.331811842455187911e-01
1.038877230195555806e-01
1.157536969171384378e-01
1.408473665340602143e-01
5.200000000000000000e+01
5.494841314500371965e+01
8.621201672934187599e+00
2.839672225956650919e+01
1.871612857741458669e+01
2.252829520974412247e+00
3.091562048924950457e+00
3.019115549864260828e+01
1.110936964946234262e+01
7.279962132391196050e+00
3.955075017422751582e+00
1.076946921349365011e-01
5.558846568061773935e-02
7.085291100552116861e-01
3.023979429440121214e-01
1.837761978098517712e-01
3.579864086246298815e-01
5.300000000000000000e+01
5.788592491836863729e+01
8.971081744344759912e+00
2.995724027247629451e+01
9.245004284817820661e+00
6.115553109821505018e+00
2.210009805536290006e+00
4.612689819384195999e+01
1.094344362060653353e+01
3.326258382816293491e+00
9.048242997661206655e-01
3.562147924717103953e-01
3.477798310073677152e-02
6.384728154295077687e-03
2.569648648985262684e-01
6.374004793739944663e-01
2.917428479992630330e-01
5.400000000000000000e+01
6.978858484476349133e+01
5.019876229899754350e+00
1.295650354289781703e+01
2.795332227698374084e+00
1.814095951299169229e+00
3.713466277019634720e-01
2.757803732552296339e+01
4.777325789237059972e+00
1.841534139782361912e+00
3.621723941650077938e-01
2.700542382477225112e-01
3.985396283406964640e-02
5.825501732986444470e-01
7.742886777476161442e-02
1.473955884536330974e-01
1.172828306088312678e-01
5.500000000000000000e+01
6.818755355151429853e+01
7.060846093221506692e+00
1.323432848150083885e+01
6.118067920082102873e+00
1.942803052948891329e+00
4.118924951514124189e+00
2.701793672725046491e+01
9.396849361065727990e+00
3.141965881710560016e+00
1.723788502741326889e+00
2.082350570499575393e-01
8.334302699123292968e-02
7.100667730510581421e-01
2.725893327843529890e-01
8.169816989898426307e-02
3.559323597755859048e-01
5.600000000000000000e+01
7.120677713852131774e+01
4.788885103407397814e+00
2.056318538888991299e+01
7.444737662387511001e+00
2.006350455163362412e+00
9.927787557527392170e-01
2.622837685253771056e+01
3.233562807757633273e+00
2.893027654097310553e+00
9.489693368749638758e-01
8.929797032624586794e-02
3.711914529264800228e-02
6.942341513865578628e-01
6.683239816125050026e-02
2.164678782871962692e-01
1.039515434538985095e-01
5.700000000000000000e+01
7.477613551866015484e+01
5.085446791676806022e+00
8.479167050825823893e+00
6.635112244117335578e+00
2.428889978084536772e+00
3.063193495189492577e+00
2.723017679058799345e+01
5.137739903720630608e+00
2.319917074024783421e+00
1.860419108711394598e+00
1.413039945837949729e-01
4.227307664835364132e-02
6.969175797034813380e-01
1.323287308934555928e-01
1.617784257127237169e-01
1.746018075418092341e-01
5.800000000000000000e+01
7.840429273475001537e+01
6.682645053007551184e+00
5.948069728201112127e+00
1.582194702371354289e+01
4.791124731069063003e+00
9.555211232355237172e+00
2.508044289344889322e+01
5.371801262446859404e+00
4.213698045584903795e+00
4.326520440953832036e+00
2.791585068024842950e-02
5.694554925250430721e-02
7.133675572444764246e-01
1.209961269929399896e-01
2.587165920752751980e-01
1.779416762454442968e-01
5.900000000000000000e+01
8.083004408990966283e+01
6.703782302544547989e+00
1.279604751396411544e+01
8.401063696472208520e+00
7.344885358478162374e+00
8.133402407577060345e+00
2.483751868796016282e+01
7.162498105925050318e+00
2.367660415926020612e+00
1.545336601596555726e+00
1.186000908579822738e-01
5.282077039736166046e-02
7.028550087771039401e-01
3.081010444760321487e-01
1.785449003649137723e-01
3.609218148733938092e-01
6.000000000000000000e+01
8.254066772251205464e+01
6.075608456943467850e+00
7.331269360771346832e+00
8.332455159735076222e+00
6.269274067867613098e+00
2.067893214831709514e+01
2.940802655081575168e+01
1.350505922701785622e+01
3.170082011971953495e+00
2.196259511583918300e+00
3.938171402728217474e-02
4.016888501006279921e-02
7.111202342606899318e-01
3.213345401598609041e-01
2.494980517120278796e-01
3.615034251699237311e-01
6.100000000000000000e+01
8.671599045666553707e+01
6.566767611930699466e+00
3.633217800310675205e+00
4.857179065989011946e+00
1.456541090785081760e+00
2.844506055644275122e+01
3.320722648434981039e+01
5.994273025438829450e+00
2.042839830304231441e+00
7.584750171724596868e-01
2.301057297112629220e-03
4.967078887990599573e-02
7.471234702948240658e-01
8.962496823480498032e-02
2.505754724080633267e-01
1.392957571147109830e-01
6.200000000000000000e+01
9.293282491644109200e+01
7.495062607271154143e+00
3.005447881223857109e+01
1.550884671339839294e+01
8.342870367786542118e+00
6.622237929330599293e+00
4.422775204236840807e+01
1.369619397522431115e+01
3.091003973360412882e+00
1.307011413367169306e+00
1.181395238762956712e-01
4.139526011132798472e-02
2.631380570364264537e-01
3.222787690625031343e-01
6.187224190872778751e-01
3.636740291738311259e-01
6.300000000000000000e+01
9.421469383323976388e+01
5.900863316568314865e+00
3.351318342543708440e+01
2.782326358015328793e+01
2.832173583795622562e+00
1.585362554347165975e+01
3.340177609658060476e+01
8.739375621013154571e+00
2.263758243745194854e+00
1.316546911629227434e+00
7.550574715925238364e-03
3.255290835944400774e-02
6.564091812688681582e-01
1.839951370532860175e-01
3.360402440152066017e-01
2.165480454127300391e-01
6.400000000000000000e+01
1.041790695950435577e+02
5.200074036272892108e+00
1.119639975040447988e+00
1.334496493870989786e+00
2.373916165838503844e-01
3.212091620701553740e-01
2.240778002059415641e+01
1.597014861329279167e+00
1.869638722114496332e+00
3.559424915235752107e-01
9.750899749714064378e-07
7.657618969466072067e-02
8.136557019760242149e-01
4.092476233390222179e-02
1.863433229340007991e-01
1.175009520285629494e-01
6.500000000000000000e+01
1.114497984876675787e+02
4.646540084198514720e+00
2.433164353188682280e-02
2.193338394408725467e+00
1.574024287593956739e+00
5.270290654021210219e-01
2.564310501730370717e+01
3.358171793196208288e+00
1.270557090462488548e+00
1.091191146536629297e+00
3.173075359787971284e-01
7.696650020733333819e-02
6.472456604405014691e-01
4.370950896361754795e-02
3.544680358070140258e-02
1.206760091709508931e-01
6.600000000000000000e+01
1.163136884834141824e+02
3.847865653247842577e+00
2.620477461883322645e-01
9.900279760148228414e-01
1.066348807947130162e+00
2.748192397676745835e-01
2.639279926814784005e+01
5.167068248718890366e+00
3.644722227273599735e+00
7.336116085777661944e+00
3.922247071047988420e-01
1.188798918213426620e-01
5.843129420806073560e-01
9.913327746028306742e-02
2.346235081459380201e-02
2.180131692816257294e-01
6.700000000000000000e+01
1.160262870449810606e+02
4.471952660286353520e+00
5.441295293085374185e-01
1.505429938630157061e+00
9.293205310211525294e-01
1.570351599325668646e-01
2.768312597241324724e+01
4.546890062399227439e+00
1.913068760544718749e+00
2.439043169803609690e+00
3.858589022863421203e-01
1.208003306030813462e-01
5.983120209742183171e-01
6.974160791968782303e-02
1.582907673943956262e-02
1.905419385227691831e-01
6.800000000000000000e+01
1.236438959670721829e+02
3.848052012071205397e+00
5.128417482239495229e+00
1.356937218305510306e+01
1.612884273037908933e+00
2.394053902356396790e+01
2.637102884854537876e+01
4.751097916876600102e+00
1.339370092470369311e+00
3.415210669444700975e-01
2.945806493284239443e-03
3.387240385723234992e-02
5.769432447874222047e-01
8.742513185173936274e-02
4.201109487192935532e-01
1.212975357089717127e-01
6.900000000000000000e+01
1.242652960348447948e+02
5.130731547640214885e+00
1.837427603979269630e+00
7.073331390473552638e+00
1.238993109619458410e+00
9.121342655035848068e+00
2.401477734977422429e+01
5.678681128874783823e+00
9.090135635688262328e-01
6.039811243845393252e-01
8.242274346406362751e-03
6.132367602199886858e-02
6.255397399354498678e-01
1.058032121650787777e-01
3.662179857181437903e-01
1.671268881870776601e-01
7.000000000000000000e+01
1.263858913432349453e+02
3.672787473939625791e+00
4.585333345570746233e-01
3.905684486707465819e+00
8.444139013750019407e-01
4.042437517261052715e-01
3.149869496360502552e+01
5.051508371781279649e+00
1.677785520528040752e+00
4.966064476793137228e-01
2.879963122201783035e-02
1.119152766446305791e-01
4.657529160281078662e-01
7.215925801227503211e-02
5.054474527498742376e-01
1.840745346569055974e-01
7.100000000000000000e+01
1.263721775822862270e+02
4.476437758873747619e+00
8.254992007279751687e-02
1.548461743574744087e+00
1.231052862532263648e+00
2.613273674018103954e-01
2.680364199475293319e+01
3.746142898105654151e+00
1.072587657484052492e+00
9.920700028613796961e-01
3.261849840881581031e-01
1.679238459915179671e-01
5.686865969663532638e-01
5.275823140284999213e-02
1.051284189454886331e-01
2.206820773943679592e-01
7.200000000000000000e+01
1.286270332654336812e+02
3.716692522776764651e+00
8.216238618370996782e-01
5.422513128592624021e+00
9.177218321698852321e-01
5.377036230695021457e-01
3.349621951701937661e+01
6.710235646607644711e+00
1.517254975545493600e+00
5.951930916056209497e-01
6.311128295583354197e-02
1.049389253707656566e-01
4.673028586623731995e-01
9.736352594932413951e-02
4.695858583817932308e-01
2.023024513200897823e-01
7.300000000000000000e+01
1.495498267949699880e+02
4.552016750924899213e+00
1.371017937919350160e+01
2.637515429931161837e+00
2.101201073187387802e+00
6.539147744958335728e-01
2.531140689179927961e+01
3.922754349499776971e+00
1.169845486524826228e+00
3.946484138991702695e-01
2.738834751567541526e-01
2.903726087829295796e-02
3.925942202289869343e-01
8.693089120081741450e-02
3.335223046142589132e-01
1.159681520791103759e-01
7.400000000000000000e+01
1.469242505651177453e+02
4.785607019071017376e+00
8.658859814799306776e-01
4.964678425030432329e+00
1.052861400623209986e+00
1.350667267321624010e+00
3.165264833276079415e+01
7.206237101592572358e+00
1.052027593078816325e+00
3.076274649477238055e-01
2.885585309192805620e-02
1.023406121869686602e-01
4.196407239291050639e-01
1.057606474838296423e-01
5.515034229789668174e-01
2.081012596707982887e-01
7.500000000000000000e+01
1.501391512572645865e+02
5.390572846334455548e+00
8.523691700273305472e+00
1.067660084863054415e+01
1.078146787712687571e+00
1.677961820706155294e+01
3.005493396925490046e+01
9.299184951108895092e+00
9.931427355398269041e-01
3.585434341642398937e-01
1.679149394193326511e-02
3.094744289772187115e-02
4.270501511425517371e-01
1.504546977260533824e-01
5.561583549155150186e-01
1.814021406237752432e-01
7.600000000000000000e+01
1.502718769987872633e+02
6.021703122461143920e+00
3.823732600847053464e-01
1.132061348917526855e+00
8.462157377474536224e-01
3.915194175484780770e-01
2.886412811084903751e+01
6.684944390187830265e+00
7.086751781026370267e-01
6.438708731822285758e-01
2.409837417240328628e-01
2.006002625860230093e-01
4.607967679569429098e-01
8.876355253678076818e-02
2.982194903190242830e-01
2.893638151228037914e-01
7.700000000000000000e+01
1.512805594752247202e+02
5.338209594767513444e+00
2.524597121409689393e+00
1.164167190041947997e+01
8.428576867298511743e+00
1.149451284739019741e+01
3.359594371079754183e+01
9.921215594093125034e+00
1.145739506657267537e+00
3.907242537795279080e-01
7.706165769975786319e-03
8.760380669475936743e-02
3.852787603749757150e-01
1.349155488109884671e-01
6.070150738550484926e-01
2.225193555057478345e-01
7.800000000000000000e+01
1.535633692191054251e+02
7.543279947098223914e+00
2.504212770354406481e-01
2.157187682344986257e+00
8.996792511839225570e-01
1.662824462376107093e-01
3.322609122118349489e+01
5.291003071830074234e+00
1.237841134385331054e+00
4.334397313279271802e-01
3.536136450201139425e-01
9.906808689813713376e-02
4.008978018623507444e-01
6.135682966867668509e-02
2.454885531175352575e-01
1.604249165668138188e-01
7.900000000000000000e+01
1.566000369709595361e+02
5.918925889094930781e+00
7.591391223171224389e-01
1.566746606325136248e+01
1.994232701511578609e+00
3.412360399018397494e+00
2.283920889007497834e+01
7.668554623932180014e+00
1.222441445393076531e+00
1.534264150921028858e+00
2.690740280738039211e-02
1.213915975070408715e-01
5.029303158372246951e-01
1.277160538021765990e-01
4.701622813553949509e-01
2.491076513092174705e-01
8.000000000000000000e+01
1.577771974712431415e+02
4.459103087441656399e+00
1.037924266138008278e+01
4.545816868664064003e+01
7.009580332466317509e-01
9.453224614875699316e+00
2.696630397024316750e+01
6.920772269949225119e+00
1.036176358006538178e+00
5.604730772645438730e-01
1.499581611604446823e-03
4.572373812663627773e-02
4.747344678160259068e-01
1.175676854785000364e-01
5.237659505723696318e-01
1.632914236051363210e-01
8.100000000000000000e+01
1.591221358752294748e+02
4.408100806290659257e+00
3.530987328414804394e-02
1.623756323303495952e+00
1.266563260031548177e+00
2.215592893225215576e-01
2.845876113566597354e+01
4.946394734181598807e+00
8.475314067392398787e-01
4.619748916248654358e-01
3.014818811147408351e-01
1.421449708489787578e-01
4.663150682954405601e-01
7.626246993813090569e-02
2.322030505898186048e-01
2.184074407871096635e-01
8.200000000000000000e+01
1.655582509087774952e+02
3.833758424627174755e+00
1.380965306333388476e+01
9.829739886596227549e+00
4.386109812257610763e+00
2.565222660380847230e+00
2.988540492974914642e+01
7.310529507066174659e+00
1.488475609105333053e+00
4.302068913044992948e-01
1.230097201708134184e-02
7.751149379349231427e-02
3.952014708366207163e-01
1.299517413289995038e-01
5.924975571462979262e-01
2.074632351224918181e-01
8.300000000000000000e+01
1.671422361076583343e+02
3.279748540595494699e+00
1.060936644892687963e-01
9.432310478884826654e-01
1.487210299322385909e+00
3.294753486387547170e-01
2.831566163023867944e+01
3.934653784230318863e+00
1.157653135796398836e+00
5.717554786817239387e-01
1.950155074487812945e-01
1.032048818439815635e-01
4.333715690890106442e-01
6.604028815059537205e-02
3.716129234622080890e-01
1.692451699945769494e-01
8.400000000000000000e+01
1.676915871199030903e+02
4.604541523559919192e+00
6.623303442832229493e+00
7.759426321313520170e+00
9.915081726027494824e+00
1.650735912751983392e+01
2.788079662675566439e+01
6.088606271191204122e+00
1.363741590190652220e+00
4.989560744445963314e-01
8.216100215933290832e-03
8.620576045399412635e-02
4.411782087211117975e-01
1.088331288789414625e-01
5.506056910629548717e-01
1.950388893329355888e-01
8.500000000000000000e+01
1.685448144932735204e+02
4.477183868888085172e+00
1.925715847908130218e+00
3.220815583251539049e+00
1.496199413297550240e+00
9.543178154340024477e+00
3.237621224969399236e+01
5.664837781681980822e+00
1.569595183638734515e+00
2.759161416871355188e-01
6.375166079824207827e-03
5.811916882554650499e-02
3.778933604421492176e-01
9.266586877797206023e-02
6.157314734780265919e-01
1.507850376035185791e-01
8.600000000000000000e+01
1.715032920961656089e+02
3.937357682034025252e+00
1.052756023796955348e-01
2.984531706060202350e+00
1.302132417042211721e+00
3.694079969246834017e-01
2.958955807034543284e+01
5.246064420524001903e+00
1.379051509336768344e+00
4.298405335535630534e-01
6.193265969144149535e-02
6.746018049017830920e-02
4.163673178749733861e-01
8.835070745881726251e-02
5.217000224335850422e-01
1.558108879489955578e-01
8.700000000000000000e+01
1.749275357552401999e+02
4.182666567822105996e+00
1.003014557358428496e-02
1.293680299261542377e+00
8.708795967594382681e-01
1.594760382724003389e-01
2.806853919154488253e+01
4.768161920588756431e+00
2.211635250980826584e+00
9.390656613341964443e-01
1.970195230800111941e-01
3.385917374069812719e-02
4.333947630563048659e-01
8.358057594192130901e-02
3.695857138636839956e-01
1.174397496826194431e-01
8.800000000000000000e+01
1.764664487247751765e+02
4.015952673321494970e+00
1.286646323223892274e+00
2.919637527349732586e+00
9.918112948419588903e+00
9.880716730866220487e+00
2.763147262148911665e+01
4.969041752186305061e+00
1.711527225118875561e+00
1.259741849815227965e+00
1.336244738565001491e-02
1.624023463942645684e-01
4.321645434723530577e-01
9.410127015031864717e-02
5.544730091419969309e-01
2.565036165445832017e-01
8.900000000000000000e+01
1.763211755547722532e+02
3.629013815291093348e+00
3.759754390528744633e-02
1.436759536556637906e+00
1.339237345865534445e+00
3.835459155784685104e-01
2.468547481763634011e+01
3.412710921047702239e+00
9.939488777102893913e-01
4.116745292607728590e-01
2.002222136513619744e-01
1.022437376718236812e-01
5.210049126626516980e-01
7.140431032732956484e-02
2.787728736859863554e-01
1.736480479991532322e-01
9.000000000000000000e+01
1.786810994683927731e+02
4.037319691346424655e+00
3.113283397122302842e-01
3.355881548690242688e+00
6.494010907110338238e+00
6.123839426803860952e+00
2.689056222913668037e+01
4.346809549941838213e+00
1.375641393542893942e+00
3.476409681760410098e-01
1.323033743496337608e-02
5.079756334102662058e-02
4.608948567736374513e-01
8.564857650766542763e-02
5.258748057913991136e-01
1.364461398486920551e-01
