#snapnr	v0_kms_bestfit	a_MND_kpc_bestfit	b_MND_kpc_bestfit	a_NFWH_kpc_bestfit	a_HB_kpc_bestfit	n_MND_bestfit	n_NFWH_bestfit	n_HB_bestfit
6.000000000000000000e+01 2.158335799418298961e+02 3.305415003660527873e-02 1.152553149333614613e+01 2.195167909007967637e+02 3.468623205465609090e+02 3.241606594611953773e-01 4.052538432649819278e-01 2.705854972738226394e-01
6.100000000000000000e+01 3.433069655602564580e+02 1.793007839540734949e+00 1.061889427183594847e+01 8.782799990818961078e+01 3.107647989865433829e+02 1.424410168612135763e-01 1.158883346666104153e-01 7.416706484721760084e-01
6.200000000000000000e+01 1.828590464990811881e+02 2.490671986420238682e-01 1.064687808638541355e+01 7.768754438905958182e+01 1.433983150943343503e+02 6.439356476357025461e-01 2.869402241233482975e-01 6.912412824094915642e-02
6.300000000000000000e+01 2.182677620767630913e+02 2.944502696456652302e-02 1.186901744877323495e+01 2.756091727806777953e+02 3.878516153242424025e+02 4.019199197597231321e-01 5.372562843896878659e-01 6.082379585058905747e-02
6.400000000000000000e+01 3.027140916982148724e+02 6.735819611606075341e-03 1.204684801883578871e+01 1.222450161857472182e+02 6.010385139186803372e+01 2.198077870761749320e-01 6.428201539161688682e-01 1.373720590076561443e-01
6.500000000000000000e+01 2.160675992016219880e+02 1.181099518404096216e-01 9.983325725284110774e+00 1.676811446561563628e+02 1.477072263672017698e+02 5.678152945342201940e-01 2.391107333909229249e-01 1.930739720748568811e-01
6.600000000000000000e+01 2.668659488253358063e+02 4.830112732824716204e-01 8.377447238113177264e+00 2.208224376204797181e+02 1.846081271633033793e+02 4.461319397664374464e-01 1.056621144961390479e-01 4.482059457374234501e-01
6.700000000000000000e+01 3.072398008001347876e+02 6.231609991630193690e-03 8.254028443023322836e+00 1.062399221304939090e+02 3.739713956054112032e+02 3.684022443616726816e-01 3.027517708731051194e-01 3.288459847652221990e-01
6.800000000000000000e+01 3.307611562310715954e+02 1.929504110037782993e-02 7.551701378875968373e+00 2.359939692243882234e+02 2.537829507888327498e+02 3.615344814188629075e-01 3.999035969986782790e-01 2.385619215824588135e-01
6.900000000000000000e+01 3.238374176509353788e+02 3.112605728733797150e-02 6.676468096133682195e+00 4.839450379986528787e+02 2.348831403030461615e+02 4.131142155790050174e-01 4.183151444678582243e-01 1.685706399531368138e-01
7.000000000000000000e+01 3.761848660797753041e+02 8.885509693130813957e+00 3.427724745019844477e-02 2.067391015841495516e+02 2.780781445670610310e+02 2.843988460137962804e-01 2.330943851791744681e-02 6.922917154682862728e-01
7.100000000000000000e+01 2.521414892059029569e+02 9.406619058125500032e+00 6.455386587717271141e-03 1.536477259095996146e+02 3.002900631136707261e+02 6.143562435635456787e-01 2.098445278555608473e-01 1.757992285808934740e-01
7.200000000000000000e+01 2.714941830043269420e+02 9.998407219563375747e+00 2.735527974316198652e-03 1.892629864191341369e+02 2.404807620826259438e+02 5.196721415667017174e-01 1.688827632397932321e-01 3.114450951935050504e-01
7.300000000000000000e+01 2.405535342316248091e+02 1.099175529339126456e+01 3.877065178215843844e-03 4.119319919104769951e+02 2.483599852656314511e+02 7.374152277471354155e-01 1.675181527154849803e-01 9.506661953737960413e-02
7.400000000000000000e+01 3.068685745623587309e+02 7.161890135420748038e+00 3.241063561723933617e-03 1.117609925511337678e+02 2.656514250484278818e+02 6.576614750663245523e-01 1.711376237633191466e-01 1.712009011703563566e-01
7.500000000000000000e+01 3.845686092348619241e+02 7.095191069205185386e+00 2.512079585734738885e-03 3.949810646478069316e+02 8.255029812864350447e+01 4.394512328196566453e-01 2.274298321632673980e-01 3.331189350170760122e-01
7.600000000000000000e+01 2.884605698757770256e+02 6.670033579120143941e+00 4.178080478645540552e-03 1.776951384460541306e+02 2.246478171845604948e+02 8.066762864340574213e-01 1.106727060469830937e-02 1.822564429612443249e-01
7.700000000000000000e+01 3.674793656610437438e+02 7.002908644642957370e+00 4.563304173473170522e-03 2.342135131642051817e+02 1.870246054432959397e+02 4.911376254506465422e-01 1.487879813708805621e-01 3.600743931784728957e-01
7.800000000000000000e+01 3.241204557668598341e+02 7.057821862263381263e+00 2.611778082517446364e-03 3.633793779657525533e+02 3.636779704282317880e+02 6.556939780245896188e-01 2.145374693028704871e-01 1.297685526725398386e-01
7.900000000000000000e+01 3.490052804071523269e+02 7.777588296373920684e+00 2.540926558374678734e-03 3.046816877118720299e+02 4.337712262743190195e+01 5.483053287734312997e-01 4.082547683621791657e-01 4.343990286438947912e-02
8.000000000000000000e+01 3.528430916629232570e+02 7.682207924796188081e+00 3.025163087812643425e-03 1.490677420441978711e+02 2.859664943807658233e+02 5.454605027616509227e-01 3.884689284546216093e-01 6.607056878372752351e-02
8.100000000000000000e+01 3.948713781211847049e+02 7.649640481081945609e+00 8.989452443429968298e-03 1.999915185511125060e+01 2.815915384772579273e+02 4.381374690719928577e-01 5.420762743119521554e-01 1.978625661605493136e-02
8.200000000000000000e+01 2.873928812864588167e+02 8.210961848187338319e+00 2.981082883451335874e-03 3.678176859058499986e+02 3.017835784506347068e+02 8.021816609376588580e-01 8.006546436030370639e-02 1.177528747020374356e-01
8.300000000000000000e+01 3.541881746777778517e+02 7.872163197170351623e+00 5.268158453880289471e-03 4.580993998644814269e+02 1.906444058343168138e+02 5.505398080841413799e-01 3.458407528887541549e-01 1.036194390271044652e-01
8.400000000000000000e+01 3.984115763637256578e+02 8.160940072728806172e+00 2.546951431362742824e-03 3.717871058881962654e+02 2.653612677107923901e+02 4.266106494277640548e-01 2.962578250521614165e-01 2.771315255200745842e-01
8.500000000000000000e+01 3.525823871858532925e+02 8.354440071990694605e+00 2.438208851337719807e-03 2.375174559533016350e+01 2.331173915863825243e+02 5.446410728103292520e-01 3.913348919299727280e-01 6.402403525969802001e-02
8.600000000000000000e+01 2.925033881686380255e+02 9.255654338150520744e-02 7.643455381426420558e+00 4.324584103954242664e+02 4.596921585232690290e+02 8.212007178260559703e-01 9.272762043927462727e-02 8.607166173466940240e-02
8.700000000000000000e+01 3.814303323102654986e+02 8.409538394555710283e+00 4.638917555396915304e-03 3.296422766230724051e+02 1.530760469041796057e+02 4.888576886225758922e-01 2.871605650063415727e-01 2.239817463710824796e-01
8.800000000000000000e+01 3.085400294254143319e+02 8.726864263642852393e+00 3.297753740199027561e-03 3.391015348570131778e+02 9.164175205808362534e+01 7.400344218273544605e-01 2.067388961388501589e-01 5.322668203379543606e-02
8.900000000000000000e+01 3.974251972068495888e+02 2.393246176265506620e-02 8.581152582580152455e+00 3.098718233338804566e+02 3.427454979268894704e+02 4.421668140623145615e-01 3.963020145051275311e-01 1.615311714325579073e-01
9.000000000000000000e+01 3.648547487417659454e+02 9.559129845910888434e+00 1.837418838476878591e-03 2.207456287927045082e+02 3.362196119279698223e+02 5.034457009380534087e-01 5.601951033154956017e-02 4.405347887303969756e-01
9.100000000000000000e+01 3.206017280072249491e+02 9.957334527083474995e+00 2.168084644750933876e-03 4.484481723055342854e+02 8.983278503398094017e+01 6.342578924433981413e-01 4.367002541055264864e-02 3.220720821460492100e-01
9.200000000000000000e+01 3.363377803185395578e+02 9.891072893908585684e+00 1.033930777190050776e-03 2.925730420138945078e+02 2.768650473901730606e+02 5.889518080343362216e-01 1.094661239439208567e-01 3.015820680217429217e-01
9.300000000000000000e+01 3.450213919444012163e+02 1.046773582366023447e+01 1.000000000000000021e-03 3.644066301672749546e+02 3.846447254395776554e+02 5.349103500795691080e-01 3.461824754808915938e-01 1.189071744395393537e-01
9.400000000000000000e+01 3.707634130007402291e+02 1.080980242364469746e+01 8.942998637593291278e-03 2.162308371817221087e+02 4.270821048399281494e+01 4.563902052993524250e-01 3.441229949961680523e-01 1.994867997044795782e-01
9.500000000000000000e+01 3.437431849313495604e+02 1.134156138848882733e+01 2.490652044258467868e-03 2.508604174494373922e+02 6.672718021793795629e+01 5.129891153859947872e-01 1.336225799441286277e-01 3.533883046698765851e-01
9.600000000000000000e+01 3.773988880207212446e+02 1.190755176329804499e+01 1.024851249439961975e-03 3.418869606498270741e+02 2.731944553854200990e+02 4.064721256070917277e-01 4.791596315020600350e-01 1.143682428908482374e-01
9.700000000000000000e+01 3.638378401361350143e+02 1.193798789802201554e+01 2.403443978707286988e-03 1.968615892381882588e+02 3.423239666148876381e+02 4.371959697990197569e-01 4.260136457079218841e-01 1.367903844930583590e-01
9.800000000000000000e+01 3.738997136477476602e+02 1.228779433559626000e+01 1.347433204543335705e-03 4.139119938246684569e+02 4.886878781243838716e+02 4.015846513746682001e-01 1.487772404425077299e-01 4.496381081828240145e-01
9.900000000000000000e+01 3.876334790083425901e+02 1.232786065050294155e+01 2.373226013688167768e-03 5.639856434302933508e+01 1.720451509739626772e+02 3.781723752188397292e-01 3.116423237247214484e-01 3.101853010564388224e-01
1.000000000000000000e+02 3.302109318327781011e+02 1.260616851534825855e+01 4.008738604881045831e-03 9.039552112698763153e+01 1.326283076156700815e+02 5.131051305197923407e-01 3.397452556633446807e-01 1.471496138168629786e-01
1.010000000000000000e+02 3.382749446486408260e+02 1.264326201925612736e+01 4.728586911170395979e-03 2.308497595937359108e+02 5.196679233150851474e+01 4.956425329246709754e-01 2.628934680174975225e-01 2.414639990578315576e-01
1.020000000000000000e+02 3.450366879590840199e+02 1.296024302771320436e+01 2.440786537711403525e-03 2.709207352845300534e+02 1.277751805735863826e+02 4.653897307068833311e-01 2.113618800892860250e-01 3.232483892038306994e-01
1.030000000000000000e+02 3.093066231297244713e+02 1.325471545316671040e+01 8.105927876528085108e-03 2.406831182993457787e+02 2.796256057387244596e+02 5.694878302412433868e-01 3.588285136734450376e-01 7.168365608531157562e-02
1.040000000000000000e+02 3.362166811979324166e+02 1.353753916609278463e+01 7.283406680159032476e-03 1.856532214738411994e+02 2.337245261412805064e+02 4.794179655950515651e-01 1.600711404498769697e-01 3.605108939550714098e-01
1.050000000000000000e+02 3.822827307340708103e+02 1.353777557509337726e+01 4.792066025729013745e-03 4.875024257305421997e+02 4.382585384141796112e+02 3.721098090230283151e-01 1.550685539048949346e-01 4.728216370720768058e-01
1.060000000000000000e+02 2.936135793687811884e+02 1.351502625813620284e+01 7.997540190515906033e-03 3.211886034858976018e+02 2.120339886519851120e+02 6.406863598859935394e-01 1.301294974586730824e-01 2.291841426553333783e-01
1.070000000000000000e+02 3.078623566857506262e+02 1.391467388227823676e+01 6.199760806204324126e-03 2.752168282484888095e+02 2.536027343817761448e+01 5.641606055814618603e-01 4.339891976144039099e-01 1.850196804134229822e-03
1.080000000000000000e+02 3.360677616133663150e+02 1.495067320304085001e+01 9.105583576861420170e-03 7.341096928256718002e+01 1.193467337620995181e+02 4.331033622076797540e-01 3.306348490440702559e-01 2.362617887482499901e-01
1.090000000000000000e+02 3.549389958235385052e+02 1.446937691940868831e+01 1.534572721489269043e-03 1.430201160955864452e+02 7.215916582881052932e+01 4.117807987828873140e-01 4.243602490055878307e-01 1.638589522115247998e-01
1.100000000000000000e+02 2.837328311503748637e+02 1.434200099545003582e+01 5.273098884465809988e-03 2.347517250642412989e+02 2.871091887557337259e+02 6.564764368272441031e-01 1.245917044948472996e-01 2.189318586779085418e-01
1.110000000000000000e+02 3.231571274164929832e+02 1.453874384483683002e+01 4.576075998663498012e-03 1.912388409051632152e+02 3.083097143946099550e+02 5.054246316704958941e-01 3.897290754539023960e-01 1.048462928756017654e-01
1.120000000000000000e+02 3.826796486898149965e+02 3.770355010328557910e+00 1.123154192762277859e+01 6.244267554815763788e+00 6.871157991703177004e+01 3.395296534339828365e-01 3.572561491975934089e-01 3.032141973684236991e-01
1.130000000000000000e+02 3.070520845105989451e+02 1.527884226808109247e+01 3.219598383232380456e-03 4.708019088414786211e+02 4.473305588917452269e+02 5.331363445189585271e-01 1.774493513752537499e-01 2.894143041057877230e-01
1.140000000000000000e+02 3.551084681805641594e+02 1.525255512872652730e+01 6.810132944245594899e-03 9.494930485094570827e+01 6.508562232073583687e+01 4.029959643697703098e-01 4.353758429206834868e-01 1.616281927095462034e-01
1.150000000000000000e+02 3.580590787531744468e+02 1.602468040175202191e+01 1.688173038516538327e-03 3.198847056740412995e+02 4.330154810504162128e+02 3.705840737125649098e-01 3.565788592108951605e-01 2.728370670765398742e-01
1.160000000000000000e+02 3.586376625015182640e+02 1.571773846315051060e+01 6.323639484783427633e-03 6.965996271712242560e-01 3.968549929019969795e+02 3.835643434048150446e-01 1.728348842635232807e-01 4.436007723316617302e-01
1.170000000000000000e+02 3.676178072476187708e+02 1.600979060517857988e+01 4.685016506890349319e-03 3.243763991088428611e+01 1.905814865705856391e+02 3.589995146052651909e-01 4.943055031344504302e-01 1.466949822602843234e-01
1.180000000000000000e+02 3.288138205592019858e+02 1.591300971774168715e+01 1.175149474396874894e-02 1.985272589698586501e+02 4.390845836617677378e+02 4.590575602440099545e-01 2.875789195584511626e-01 2.533635201975388274e-01
1.190000000000000000e+02 3.727496115503771534e+02 1.611632050582215925e+01 6.544743749209658290e-03 1.784708849139038307e+02 3.202443329319723944e+02 3.541269192968833912e-01 4.757567139409284995e-01 1.701163667621881093e-01
1.200000000000000000e+02 2.802764898696302112e+02 1.610680846788187637e+01 9.457862746522494035e-03 2.000217562885506482e+02 2.688600921071293328e+02 6.325943667830977724e-01 3.415290627207332452e-01 2.587657049616898242e-02
1.210000000000000000e+02 2.702302457846005268e+02 1.627667971287300475e+01 1.095421400342644347e-02 6.104554682970055524e+01 2.604609215358593701e+02 6.726629715383795061e-01 1.039393735372069472e-01 2.233976549244135468e-01
1.220000000000000000e+02 3.064766939048403742e+02 1.641729774850006152e+01 1.357499308447529529e-03 3.509278578851607335e+02 4.242764589350575761e+02 5.240624940072615701e-01 1.309932212252466477e-01 3.449442847674917267e-01
1.230000000000000000e+02 3.274389150512409401e+02 1.648915459736360845e+01 4.248775452758479787e-03 3.190001424683724736e+02 2.989021104837519260e+02 4.577631395239586953e-01 4.882962411238399580e-01 5.394061935220140214e-02
1.240000000000000000e+02 3.832621432967209785e+02 1.661080232753721475e+01 3.028248006962996897e-03 1.505006913135401305e+02 1.053431635779861324e+02 3.335504498850469512e-01 5.148161513732807393e-01 1.516333987416722540e-01
1.250000000000000000e+02 3.278004233661105218e+02 1.659098248455239855e+01 1.201747368511973946e-02 1.888718826751219524e+02 4.791888824586983446e+02 4.599037681644702613e-01 3.560417736898245922e-01 1.840544581457050910e-01
1.260000000000000000e+02 3.337993661354942105e+02 1.651547236197018265e+01 8.478788938781178786e-03 1.430283364596310776e+02 3.317643185703508379e+02 4.528316107607806562e-01 3.088497746022008106e-01 2.383186146370185332e-01
1.270000000000000000e+02 3.446102529109930401e+02 1.691324139460428455e+01 5.904577584622927588e-03 4.543869949421144838e+02 3.419046592477675972e+02 4.119239274192562084e-01 5.064379907532213787e-01 8.163808182752241294e-02
