6.000000000000000000e+01 8.219451256640036263e+01 4.889175036029897115e+00 3.129407142652926410e+01 1.182875908669083564e+01 4.313755436976276059e+01 1.828871681265442817e+01 6.230724276230774450e+01 1.512015817130412820e+01 7.307688184974882262e+00 2.195445577140604954e+00 4.154937015350762541e-02 3.834548978990753171e-02 8.411637219900017226e-02 2.728593096612458302e-01 8.743342576474921746e-01 3.112047994511533688e-01
6.100000000000000000e+01 8.758637790688925406e+01 6.321278488545669649e-01 2.899800084279824039e-02 5.837470074954870469e+00 6.378689885810921112e+01 8.738326298552079763e+00 9.231765351095523542e+00 3.333508439665654066e+01 8.397756979729010141e+00 8.091261935030632513e-01 8.526982680036038209e-02 3.114339085949373309e-02 4.056250472570136628e-02 4.378094397785935177e-02 8.741676684739382308e-01 7.492433483735308486e-02
6.200000000000000000e+01 9.760490876996225040e+01 2.924956800904522147e+00 2.267016157877656257e-02 5.400006256217901868e-01 6.821245794982381483e+01 1.379469663273133939e+01 1.138460102906446281e+01 5.675265255120930874e+01 5.386373407260724555e+00 8.041977045945859492e-01 6.756314676583694001e-02 3.313121093227780478e-02 3.209850236048775868e-02 2.881476525480269543e-02 9.003383508736753083e-01 6.194597618708050368e-02
6.300000000000000000e+01 9.477919958398331346e+01 4.785071446834641584e+00 1.438997529410250553e-02 2.018376621334346255e-01 6.010254248492038442e+01 7.671132400060965750e+00 1.678521177265036712e+01 4.024288989464795741e+00 6.536369322579367314e+00 6.381498340642453027e-01 8.859325256142205895e-02 1.392353494631029705e-02 2.766396660933919532e-02 2.259735977028548212e-02 8.837427808292387388e-01 3.652089471659578090e-02
6.400000000000000000e+01 1.054648061829515910e+02 5.001152513903399210e+00 1.566236828440253394e-03 9.011612589661495420e-03 5.267520267208490736e+01 4.998892116511468586e+00 1.259332461230949107e+01 7.769234072375926559e+00 1.150081887324569863e+01 1.409707164498932519e+00 8.367176584211713508e-02 1.699553462816590782e-02 2.857627583914615702e-02 1.377222611076342647e-02 8.877519583187367669e-01 3.076776073892933255e-02
6.500000000000000000e+01 1.125412194221565727e+02 6.123387273124990537e-01 1.827230835508184123e-03 2.242731688993282978e-03 4.553843068705361219e+01 2.704858597370697115e+00 3.497037599368344019e+01 1.338228201857604382e+01 4.274460633614756588e+00 6.669490470853217667e-01 1.077864390645051906e-01 1.318939995369262409e-02 3.167918405304547685e-02 2.114894772027219039e-02 8.605343768824493811e-01 3.433834767396481275e-02
6.600000000000000000e+01 1.173984173395673452e+02 8.066472019811068428e-01 9.666409171814228799e-04 1.116675972884525678e-03 4.348665866250931344e+01 1.174731444734054087e+01 7.496035312664106698e+01 9.222610537661515195e+01 3.294301547680415609e+00 4.382106646421559115e-01 1.067828643572082958e-01 2.040252011487759740e-02 3.310067578837596475e-02 2.385051359267384950e-03 8.601164598544157602e-01 2.278757147414498321e-02
6.700000000000000000e+01 1.170398078437462033e+02 2.163775413737350772e-01 1.137208728756421323e-03 4.503091134155038505e-03 4.292653284846556971e+01 3.302398567842108612e+00 7.313381788033370867e+01 1.610187384826200230e+01 3.296182697735747347e+00 1.377142898129246618e-01 7.499247430878346055e-02 1.753809617732512288e-02 1.022296517303889207e-01 5.283988254737638501e-02 8.227778739608275771e-01 7.037797872470150096e-02
6.800000000000000000e+01 1.242761443679709004e+02 4.808910500501189844e+00 1.252942716791009738e-03 5.633469197502435737e-04 2.059997705196299833e+01 1.005582116245455282e+01 8.475851165389128994e+01 1.563378446785347542e+01 2.740940778268309952e+00 7.394821194234028061e-01 1.080728129067131671e-01 2.378222808411745853e-02 1.423225166458324531e-01 2.116682381778459132e-02 7.496046704474543798e-01 4.494905190190204985e-02
6.900000000000000000e+01 1.233843328527989058e+02 6.499215266914017963e-01 9.691591664254671393e-05 6.901526055528214030e-04 2.624708313251672465e+01 2.091677076359112153e+00 8.676983303721752350e+01 5.684374834967624857e+00 2.201078280478266702e+00 8.652041952047842543e-02 1.015436999601302959e-01 5.263945679747610538e-03 1.297494254307202943e-01 1.180679091723691246e-02 7.687068746091494376e-01 1.707073659698452386e-02
7.000000000000000000e+01 1.269989817872724700e+02 1.026340831197305237e+00 8.727043729639636933e-05 4.581991563985637184e-05 2.055582306094104084e+01 3.420110684700703008e+00 1.016148963960560963e+02 1.306921531712264439e+01 2.312655277788802088e+00 1.737508154320228648e-01 1.060310754420877716e-01 1.317894631300734441e-02 1.179262124415021012e-01 2.609380334788109074e-02 7.760427121164101827e-01 3.927274966088843688e-02
7.100000000000000000e+01 1.292851453205421706e+02 4.530323767224501141e-01 8.632455690730070667e-05 9.632818561060139560e-06 1.799121686411253052e+01 1.513515502531979529e+00 1.107084128773745704e+02 9.961202333821715271e+00 2.439123767770750462e+00 3.423375502914000057e-02 1.147285300950617870e-01 6.142558874338892305e-03 1.109850662568860197e-01 1.235553667038500648e-02 7.742864036480521239e-01 1.849809554472389705e-02
7.200000000000000000e+01 1.304526993909932173e+02 2.571640461544636436e-01 1.027177487842906474e-04 1.262645968051099762e-05 1.832056336854331846e+01 2.814846407425812269e-01 1.216195512566439163e+02 5.204594362493041082e+00 2.540153465127535259e+00 3.127729585126542283e-02 1.056352287334673262e-01 3.198373679342046173e-03 1.068780105238330835e-01 5.861553043999905531e-03 7.874867607426996319e-01 9.059926723341951704e-03
7.300000000000000000e+01 1.510495397892166807e+02 1.929782451937209764e+00 3.481718440858962691e-04 1.106134307187452148e-02 1.874632251215024681e+01 3.808192466996064063e+00 7.275994845967795754e+01 1.273434497844481683e+01 1.944035688210481005e+00 6.394064027372560188e-01 3.307688579556942732e-01 7.516604694510817253e-02 8.880302517888387370e-02 3.013995959651493903e-02 5.804281168654218392e-01 1.053060065416231150e-01
7.400000000000000000e+01 1.468308308768054644e+02 2.663606404300082886e+00 5.199462801779967686e-04 3.972207808480828569e-04 2.897966228741211125e+01 1.662437842458318116e+01 1.168163444797388593e+02 4.317553724440623597e+01 1.502342862299114401e+00 2.487510365238325138e-01 1.529398047217145618e-01 6.757401989636005468e-02 7.093400272617073066e-02 3.551828338477588248e-02 7.761261925521146798e-01 1.030923032811359441e-01
7.500000000000000000e+01 1.497133585646603251e+02 1.215567399769552637e+00 5.290966408805674237e-04 2.267574897176500421e-04 2.110933512094749176e+01 9.065582282579088158e+00 1.112251115255692753e+02 1.392922715391163813e+01 1.591248685758155590e+00 7.447388848803768169e-02 9.678912085774719898e-02 2.770599896910089927e-02 9.125389356401604479e-02 2.252113854107154825e-02 8.119569855782367007e-01 5.022713751017245098e-02
7.600000000000000000e+01 1.515542582158772404e+02 2.198049638078555801e-01 1.128181903758885239e-03 2.567244134774330794e-03 2.164006932387538384e+01 7.865828631720122033e-01 1.370702633931583136e+02 9.077652181092130235e+00 1.733947490805556102e+00 2.524484586665876745e-02 8.206853354061346972e-02 3.733346632026817834e-03 7.674381453791516428e-02 6.262586956599081739e-03 8.411876519214713799e-01 9.995933588625900007e-03
7.700000000000000000e+01 1.519591934040479657e+02 4.130658808573445806e-01 2.250127997789353514e-03 1.819524795006117468e-01 2.300841080550372908e+01 8.346265148055882488e-01 1.385429276598570425e+02 8.787690294086901943e+00 1.746862479205510965e+00 2.843745416029545142e-02 9.508837690526357467e-02 6.383718330184867326e-03 7.266096403130763159e-02 5.165575225489639488e-03 8.322506590634287660e-01 1.154929355567450681e-02
7.800000000000000000e+01 1.543762235142356474e+02 4.371348766157327481e-01 1.161695053383677412e-04 7.973404537269765694e-04 2.470625236807767777e+01 1.054289022175031176e+00 1.424389308087015706e+02 4.384461437494821645e+00 1.686286726583929862e+00 2.047603810048567036e-02 1.125507204513939430e-01 8.147090473768717894e-03 6.422978986162572457e-02 3.081503422053366407e-03 8.232194896869803324e-01 1.122859389582208517e-02
7.900000000000000000e+01 1.566578215898260567e+02 5.337180820599244369e-01 3.323160805227833980e-03 2.274110906102168664e-02 1.893027953789433582e+01 1.601616166732306112e+00 1.647898400025545698e+02 9.869819567823252981e+00 1.604197160268942657e+00 4.103702673247030391e-02 1.557387427705339833e-01 1.561286790681592519e-02 5.937135928618944569e-02 3.161206115137292234e-03 7.848898979432765710e-01 1.877407402195321873e-02
8.000000000000000000e+01 1.586841121218284627e+02 1.107386294211055500e+00 3.957853014799205156e-03 4.119449970018383722e-04 1.743730121597637250e+01 1.325335863969647310e+00 1.769541330562386179e+02 1.086084761338575611e+01 1.659726172233420671e+00 3.584686917137983042e-02 1.734353584453201813e-01 1.280508107912473569e-02 5.520793701313701785e-02 7.838641793078682946e-03 7.713567045415428147e-01 2.064372287220341690e-02
8.100000000000000000e+01 1.613218504940915352e+02 3.761185639779620615e-01 4.741463289230830706e-03 5.216780127235468544e-04 1.682229203237168136e+01 6.028732689588178761e-01 1.972311554724797702e+02 1.340605099022537239e+01 1.740911594914101412e+00 2.047103885228548567e-02 1.917003250319655738e-01 6.760897469095339049e-03 4.835146959362445623e-02 5.731857826195453122e-03 7.599482053744099908e-01 1.249275529529079304e-02
8.200000000000000000e+01 1.653388159612275103e+02 6.755516396669605239e-01 2.396772138956125842e-01 5.545715483932907031e-01 1.530707330708041347e+01 2.298820518159719217e+00 1.777770009496938712e+02 1.673767352218359861e+01 1.771016259694521144e+00 1.007804128544988603e-01 2.309102834969861406e-01 3.211384368992335758e-02 5.209950015443736565e-02 4.537595873763429835e-03 7.169902163485765145e-01 3.665143956368678568e-02
8.300000000000000000e+01 1.696772177098522434e+02 2.593843183286045129e+00 5.472453500805179831e-04 1.090348145393894713e-01 1.373030843595742212e+01 1.002141988978735077e+00 1.680385958136380395e+02 2.274588953453089246e+01 1.735413828840544070e+00 9.599905242429206120e-02 2.544775023615415410e-01 1.056209202838472548e-02 5.532640091177025432e-02 1.156559658322628414e-02 6.901960967266882463e-01 2.212768861161101136e-02
8.400000000000000000e+01 1.690939024173156326e+02 6.635492511933153148e-01 5.619575250881606423e-04 5.802538058979200960e-05 1.404698063076233794e+01 1.874249482893193819e-01 1.655879409974394036e+02 8.420634096542148228e+00 1.737518467931399080e+00 2.101381813315962230e-02 2.502742127165361596e-01 1.134228905789195010e-02 5.747019566151755077e-02 3.246178055256095443e-03 6.922555916219462757e-01 1.458846711314804555e-02
8.500000000000000000e+01 1.691745380792849858e+02 9.161312793869365034e-01 7.008156907444202440e-04 8.046524749966383965e-05 1.496047642401474320e+01 4.394653278526163276e-01 1.810951649267725259e+02 1.733540313480731143e+01 1.718548739410757697e+00 1.020401486814848935e-01 2.485887381869948121e-01 1.533983162200731887e-02 5.240377910089558805e-02 6.809425034710971970e-03 6.990074827121095513e-01 2.214925665671828997e-02
8.600000000000000000e+01 1.734430217742749960e+02 9.702628933437827286e+00 8.686558037027495042e-04 4.452815458838485486e-04 1.463174920217885777e+01 2.444311211302748532e+00 1.667218608576771146e+02 6.919060591964169760e+01 1.845110557574449750e+00 6.626711381861187522e-02 2.371654182249446907e-01 4.208799241360229593e-02 5.584513161511223817e-02 3.442645578082323583e-03 7.069894501599430781e-01 4.553063799168462211e-02
8.700000000000000000e+01 1.761869929930109606e+02 6.666754790423222721e-01 7.508326609488542381e-04 5.334003495257550956e-05 1.483067258404461164e+01 3.297225487030419067e-01 1.550328056063925146e+02 1.789082887163760205e+01 1.808572046866488536e+00 6.511286827342636918e-02 2.464842150624228512e-01 5.028364314890022488e-03 5.897826661068972243e-02 4.394088429319435024e-03 6.945375183268873709e-01 9.422452744209457512e-03
8.800000000000000000e+01 1.772717001142179924e+02 2.502340692650371068e-01 7.522850982689351963e-04 1.007709708764224012e-04 1.519188552567151262e+01 1.873570116658024864e-01 1.460022868662665871e+02 7.220844206410128585e+00 1.801108759430086970e+00 2.246365660967902800e-02 2.449767955502031025e-01 6.874099304304526724e-03 6.264762699296289039e-02 2.814505103270245785e-03 6.923755774568339794e-01 9.688604407574772509e-03
8.900000000000000000e+01 1.778504266761001134e+02 7.366825520173645003e+00 3.600915529841893555e-04 1.569116096606224713e-04 1.605106103562610542e+01 7.167731602976523675e-01 1.718362131287006491e+02 2.240258303356626257e+01 1.848880726547596165e+00 6.858588687865148359e-02 2.409122451405919518e-01 2.684135067864753393e-02 5.281947939720325891e-02 1.590454279690544856e-02 7.062682754622047199e-01 4.274589347555297902e-02
9.000000000000000000e+01 1.787200852886759890e+02 1.981808539672987024e+01 4.476434633573584060e-05 1.097292248356240016e-04 1.552298094557678354e+01 5.770644232892937486e-01 1.695692019772627361e+02 1.060898928845762690e+01 1.740552787904888765e+00 6.643198976641441489e-02 2.751152573614497610e-01 7.952714225810612880e-03 5.376280972691844379e-02 7.434486599670969698e-03 6.711219329116318022e-01 1.538720082548158258e-02
9.100000000000000000e+01 1.797278899767011637e+02 4.052094309632129132e+00 3.806057511714205899e-05 7.555480839446263936e-06 1.546674625950486970e+01 1.517559752402851458e+00 1.728591891220541186e+02 1.526494164366103234e+01 1.733948027383104051e+00 6.340540850069505130e-02 2.751553232071347610e-01 3.653197993575667268e-02 5.332166699229793499e-02 3.486328327120960004e-03 6.715230098005673387e-01 4.001830826287763182e-02
9.200000000000000000e+01 1.823700517170375406e+02 3.147423211117181263e-01 3.907205543679155861e-05 1.147017898916945890e-06 1.475459573071271535e+01 2.814391285572331314e-01 1.706337912068050002e+02 5.252635159558288080e+00 1.731750175210701403e+00 2.145168279924235949e-02 2.875792718735160625e-01 5.308732310658101708e-03 5.412948129033502698e-02 1.725314816969014068e-03 6.582912468361489244e-01 7.034047127627115342e-03
9.300000000000000000e+01 1.802549140922496633e+02 3.931205910808897031e-01 2.688143984241636003e-05 4.414345473799753601e-06 1.623194539204916609e+01 4.715625263761285546e-01 1.769377626372518080e+02 3.438196308746342744e+00 1.705271420265072058e+00 4.477762793845156686e-02 2.689588906887522834e-01 1.122367919213446488e-02 5.335085553458739777e-02 1.541457075008956495e-03 6.776902537766602563e-01 1.276513626714342181e-02
9.400000000000000000e+01 1.820140116409240818e+02 8.465368741040197875e+00 2.893264170695568024e-05 1.875678972935378114e-06 1.594267900504209834e+01 1.977158502965798759e+00 1.665018539489944658e+02 2.343684238510212126e+01 1.681120270167194120e+00 1.514673845510743355e-01 2.802970473670617912e-01 4.152803448344138948e-02 5.729864092659328612e-02 5.207236437508512561e-03 6.624043117063449504e-01 4.673527092094990204e-02
9.500000000000000000e+01 1.821351100343372877e+02 2.144756336757927428e+01 5.228213016392827255e-05 1.242336674417773498e-03 1.489423976430626695e+01 7.515046170689279048e-01 1.948616240064209819e+02 2.739112359935900542e+01 1.574966120675299397e+00 2.284702825308835283e-01 3.093622300502919531e-01 2.848631864037003483e-02 5.232997816496282040e-02 9.275787247909748900e-03 6.383077917847452820e-01 3.776210588827978720e-02
9.600000000000000000e+01 1.813365456782248941e+02 5.775583061007290020e-01 3.793667390595131729e-05 2.019744363457600354e-04 1.693308752261233963e+01 5.240459633713429044e-01 1.883998389962164879e+02 8.033752572265214553e+00 1.643342759960062072e+00 3.689088205972795853e-02 2.717301919545853650e-01 1.190010110847563619e-02 5.305816913483080849e-02 2.549227621787822015e-03 6.752116389105837779e-01 1.444932873026345821e-02
9.700000000000000000e+01 1.816704247881230572e+02 4.294530282918022079e-01 2.626987533876318933e-05 6.960681965552020502e-06 1.760858605878524230e+01 3.620279516369485640e-01 1.757005709488281013e+02 9.974078557958653946e+00 1.706570571904664435e+00 4.583102687984493689e-02 2.547696022198218113e-01 7.791047635558394704e-03 5.655727101124712747e-02 2.270682460417970238e-03 6.886731267689309988e-01 1.006173009597636538e-02
9.800000000000000000e+01 1.806744477271935807e+02 2.192695181639247703e+00 2.386600340748106563e-05 1.975678802512808532e-06 1.856278452977983662e+01 1.120049628448391843e+00 1.642777948834234678e+02 2.182554400512416137e+01 1.697596348109406739e+00 1.393287211918442514e-01 2.317605361194615687e-01 2.118239915627460543e-02 6.170665411018561725e-02 5.723799292401128384e-03 7.065328097703528210e-01 2.690619844867573468e-02
9.900000000000000000e+01 1.826759610726173833e+02 2.922297126183809990e+00 1.941417506507907905e-05 1.355840299056607605e-06 1.859962751583540452e+01 2.631510037559378734e+00 1.580412008424338239e+02 9.609681692910875483e+00 1.694336961805079422e+00 7.236885963073427797e-02 2.324228681730745871e-01 1.506026094258598388e-02 6.338293088335150705e-02 5.194951267282810203e-03 7.041942009435738781e-01 2.025521220986879409e-02
1.000000000000000000e+02 1.845434418236270631e+02 1.917396505015259045e+00 2.191838795173752015e-05 1.383945359919547545e-06 1.810770331909434816e+01 3.972043441772267203e-01 1.339604521917102034e+02 2.572905206110021226e+01 1.680567765924679602e+00 3.830271778613807132e-02 2.250566235160223472e-01 9.334588061314701146e-03 7.656480100926293941e-02 9.442379805876678633e-03 6.983785754747147134e-01 1.877696786719137978e-02
1.010000000000000000e+02 1.856394256496594721e+02 7.239514770918854536e-01 2.010648766810257257e-05 8.470817520624549039e-07 1.842135238053781521e+01 5.162428430547243430e-01 1.346686721996256608e+02 6.460570889805205219e+00 1.695726350626752810e+00 4.397738485808082298e-02 2.148410417901705505e-01 1.109606754380425969e-02 7.666878236957770654e-02 3.451457129025766422e-03 7.084901758402517569e-01 1.454752467283002698e-02
1.020000000000000000e+02 1.863996961237080825e+02 1.526233295553286684e+00 2.026457026550086154e-05 5.793288045211359092e-06 1.766966905864854809e+01 1.077835112069989165e+00 1.326082040336913224e+02 1.342077365382507104e+01 1.643030449302034457e+00 1.689051499835190207e-01 2.225342119463465107e-01 1.505670766460145277e-02 8.040163348674195243e-02 8.627425864284814921e-03 6.970641545669115091e-01 2.368413352888626769e-02
1.030000000000000000e+02 1.865148707984209580e+02 3.509234030795520543e+00 1.090858112857598345e-04 1.422993453360980529e-02 2.009539471390939980e+01 1.945613046940867896e+00 1.134350651943629629e+02 1.751591908977689727e+01 1.771002568154079970e+00 7.962111686948350475e-02 1.657278788478481757e-01 1.990737200315571484e-02 9.474394133676442009e-02 1.425037622825001474e-02 7.395281798153874320e-01 3.415774823140572958e-02
1.040000000000000000e+02 1.877537217288302713e+02 1.276672311751285260e+00 8.455511242567654087e-04 1.760713664890295720e-03 1.930690611663687761e+01 1.145293268896272032e+00 9.637414895008460292e+01 5.072053649920104768e+00 1.661313839541900039e+00 3.666359186415773380e-02 1.840120698905958752e-01 4.326884877600305386e-03 1.155381853772298323e-01 8.216104750363632456e-03 7.004497447321742509e-01 1.254298962796393871e-02
1.050000000000000000e+02 1.886725193981638142e+02 5.673140392637581186e-01 8.012932034781292167e-04 7.929604396240963471e-05 1.778037399472582081e+01 7.339735976679884200e-01 9.618006703336395447e+01 7.943143967139977057e+00 1.604806256399183173e+00 4.459160831169593775e-02 1.980957031866904805e-01 1.649239160419798192e-02 1.189123791421818205e-01 8.686184843299894764e-03 6.829919176711276574e-01 2.517857644749787668e-02
1.060000000000000000e+02 1.900382684511276352e+02 2.003939532851077843e+00 1.019011422997164644e-03 1.769761273695825672e-04 1.772397043737724331e+01 1.332615978225722975e+00 9.502448317094874142e+01 1.226731027443722510e+01 1.588018139229235626e+00 7.595802230424320012e-02 1.939358116381611485e-01 6.347631336366482691e-03 1.209747664229976760e-01 1.889097240291527646e-02 6.850894219388411477e-01 2.523860373928175915e-02
1.070000000000000000e+02 1.917819375906067876e+02 4.280925264217191106e+00 2.222367920671555318e-03 1.449145678036787732e+00 1.655853448792853655e+01 3.505296737656101058e+00 1.002841185684069387e+02 1.403482298818162199e+01 1.566508953120414827e+00 6.710841989725560564e-02 2.060794147271392540e-01 2.647939419885148027e-02 1.133013518349239579e-01 2.259406561869124058e-02 6.806192334379368436e-01 4.907345981754272085e-02
1.080000000000000000e+02 1.902719182585757096e+02 7.425578141267169530e-01 8.573204019732650694e-04 2.662101910294503888e-03 2.101748022002199079e+01 1.085410972225080428e+00 1.079676613816493784e+02 6.083319739189166242e+00 1.648144894244025771e+00 3.558100551050334681e-02 1.839257324089011991e-01 8.819020463570468801e-03 9.974358890527044996e-02 8.139565255261641333e-03 7.163306786858283370e-01 1.695858571883211013e-02
1.090000000000000000e+02 1.918080884365850238e+02 5.766671804662293344e-01 3.269953136303692214e-03 8.389346616878359253e-01 1.933858487312741659e+01 1.436998217756928042e+00 1.014152865960265046e+02 8.356666651266616341e+00 1.612003073099504968e+00 4.797241695339272971e-02 1.808218830102512054e-01 1.184295911146378277e-02 1.125417071628866256e-01 1.219571699738555143e-02 7.066364098268621552e-01 2.403867610884933420e-02
1.100000000000000000e+02 1.929997496377808091e+02 1.237438132696454396e+01 3.761272791038257433e-03 6.782629168416600685e-01 1.742625964719933052e+01 2.402307523623115060e+00 1.027038922625334010e+02 8.243847570796631885e+00 1.578036962626240491e+00 1.017007915598779066e-01 2.020089649513300833e-01 3.227407006313429833e-02 1.149390642734354900e-01 2.246654335985480422e-02 6.830519707752344960e-01 5.474061342298910254e-02
1.110000000000000000e+02 1.939366585845721147e+02 1.287885899379238808e+00 2.779162574334205493e-02 2.245453448438934976e-02 1.839076614342598504e+01 1.934290373973544641e+00 9.505097308338945084e+01 6.875348258811621704e+00 1.588192484161219609e+00 4.935571392488602438e-02 1.826236231461786375e-01 1.355519428728198424e-02 1.244917939478348973e-01 9.334997005789916549e-03 6.928845829059864236e-01 2.289019129307190079e-02
1.120000000000000000e+02 1.945980969289064717e+02 1.332368718371248839e+01 2.785018430043402493e-02 5.272731789966119686e-01 1.921033358738123553e+01 9.471441174253667494e-01 1.040171859637198679e+02 1.627439412211886349e+01 1.568641501403232219e+00 2.621044478120358456e-01 1.984507958806380756e-01 2.553388438912018027e-02 1.099424199116122575e-01 2.256168602404003479e-02 6.916067842077496808e-01 4.809557041316021853e-02
1.130000000000000000e+02 1.956567399577629942e+02 3.552353433314350273e+00 1.780242649606114780e+00 8.141695202061708381e-01 1.777103081517297767e+01 3.559232274854336797e+00 8.626412421007627529e+01 1.014379984075978847e+01 1.604371935450104036e+00 1.217363294272702373e-01 1.605634915479551839e-01 3.369434569425420328e-02 1.393656292113858997e-01 1.737231419707251437e-02 7.000708792406589165e-01 5.106665989132672112e-02
1.140000000000000000e+02 1.954616982073663678e+02 1.867185996199757669e+00 2.483567461631495110e+00 2.859307685945338129e-01 1.704480592281795737e+01 1.147315567085087196e+00 9.455825643731870400e+01 5.004733767479321749e+00 1.541490779241492914e+00 5.161602909579682957e-02 1.818742127260831176e-01 1.973953074224789328e-02 1.255975418780173880e-01 9.619529150300889717e-03 6.925282453958995221e-01 2.935905989254878473e-02
1.150000000000000000e+02 1.960562175006129166e+02 1.099019004718237991e+00 3.353841716881597268e+00 2.245420718055240461e-01 1.723240378014722651e+01 2.704440161407626331e-01 9.447113895846366916e+01 4.628013677162390316e+00 1.596670265671106259e+00 2.052989614121119438e-02 1.703962153174883865e-01 4.701927292820917530e-03 1.245055147835425480e-01 1.033019362593214606e-02 7.050982698989690656e-01 1.503212091875306272e-02
1.160000000000000000e+02 1.974604306343288158e+02 6.355014245546468654e-01 2.149433136615457318e+00 5.696202610287071089e-01 1.786474853739973767e+01 5.519374866892812204e-01 9.930880508011942709e+01 7.359912467828663374e+00 1.590774796191621654e+00 2.020026561419463115e-02 1.816980804952463002e-01 6.027598288913804669e-03 1.171323535737435195e-01 9.200731023848607304e-03 7.011695659310102080e-01 1.522832931276241197e-02
1.170000000000000000e+02 1.986789196877649317e+02 7.379241236125666514e-01 2.024635289803810245e+00 1.385769916726474760e-01 1.803978382780790923e+01 4.323359752800777778e-01 1.019347439060667142e+02 4.288460603018834583e+00 1.551338321730181935e+00 5.202805789204660580e-02 1.907924616901073567e-01 9.363874692447421780e-03 1.128263519460163955e-01 5.166470402728820174e-03 6.963811863638762478e-01 1.453034509517624195e-02
1.180000000000000000e+02 2.015971352283397948e+02 9.221204088057224357e-01 1.697200925767394342e+00 2.314054429792069267e-01 1.681119198393944458e+01 1.094236825767633148e+00 1.030183259360081109e+02 9.982569082625818879e+00 1.546444499240997583e+00 1.160579215808681397e-01 2.118045931661925452e-01 1.797891350101962424e-02 1.113123564832807638e-01 9.918164698537979343e-03 6.768830503505267604e-01 2.789707819955760532e-02
1.190000000000000000e+02 2.015394061247235413e+02 1.738183309918459818e+00 2.131744318563956853e+00 1.284976425510558629e-01 1.722736308103294789e+01 6.158693410336804064e-01 1.077622147949700206e+02 4.934213836573936085e+00 1.549267048947724712e+00 2.595664851322476707e-02 2.074920158809159254e-01 6.443216593765390895e-03 1.055008984217601226e-01 5.893505000236133433e-03 6.870070856973239382e-01 1.233672159400152346e-02
1.200000000000000000e+02 2.036261008401838524e+02 3.717927496435521562e+00 2.068555392180898345e+00 2.259637283655980267e-01 1.738665290665761987e+01 1.651582152171900075e+00 1.072109571466203732e+02 9.360055186097245183e+00 1.592144496596080039e+00 7.567498096644785510e-02 1.975994799757014031e-01 1.589088188119085199e-02 1.055234905570880816e-01 6.496594474406729679e-03 6.968770294672105292e-01 2.238747635559758253e-02
1.210000000000000000e+02 2.044812432251206076e+02 4.337041322090570139e-01 1.546891945554947911e+00 2.770183063270682533e-01 1.780603033802028534e+01 3.632768827804485623e-01 1.080238285915755370e+02 4.526117048278980093e+00 1.575710672386194222e+00 4.138091384424395086e-02 1.994953984023079829e-01 4.033952321736918728e-03 1.050508363082652691e-01 4.856867066707064307e-03 6.954537652894268174e-01 8.890819388443983035e-03
1.220000000000000000e+02 2.057352615464430130e+02 1.280705209636248121e+00 1.726346599731033216e+00 8.839532570777902665e-02 1.846831154264982189e+01 5.360594008459994564e-01 1.074950615963833940e+02 1.170367332180031994e+01 1.618365615266487811e+00 1.658523981173861128e-01 1.870501190245420220e-01 4.962217850288252671e-03 1.048100483894999907e-01 9.549030414430852501e-03 7.081398325859580289e-01 1.451124826471910517e-02
1.230000000000000000e+02 2.066888231001277632e+02 1.826846397168968750e+01 1.989330283488015549e+00 1.785179144870683021e-01 1.855893739624993799e+01 2.022682732631801539e+00 1.102694100076137715e+02 1.301283858556338302e+01 1.651896086584270007e+00 5.789575302664643625e-02 1.764234006093376161e-01 9.674057751444021386e-03 1.021213349837515189e-01 1.086244873265164619e-02 7.214552644069108789e-01 2.053650648409566931e-02
1.240000000000000000e+02 2.082527070600052639e+02 6.215062246138441937e-01 1.940610100545471006e+00 9.598202406749704874e-02 1.760502735834196386e+01 3.785812939388485954e-01 1.014909959440238794e+02 5.691560530742990842e+00 1.643545888340099292e+00 1.739244957753820209e-02 1.717494399108305814e-01 3.611519591448779376e-03 1.147318431485175733e-01 7.029314535762671255e-03 7.135187169406518315e-01 1.064083412721145150e-02
1.250000000000000000e+02 2.082589896948149146e+02 2.003948417253401892e+00 1.312084970071494272e+00 3.094475434449253104e-01 1.814332092004468677e+01 1.584801978687491619e+00 9.385985983891475826e+01 8.720271451190205525e+00 1.579080037110207391e+00 8.949576285239860263e-02 1.689532565003727393e-01 1.835357582621286593e-02 1.268522217137315611e-01 2.186876971010135937e-02 7.041945217858956996e-01 4.022234553631422183e-02
1.260000000000000000e+02 2.100609911822041056e+02 1.039358171605940662e+01 2.196778899538246232e+00 4.684095197252730047e-01 1.802023090641085190e+01 1.409442922501309425e+00 9.633477228808304460e+01 8.232528163911839059e+00 1.649539627341564119e+00 1.002014387524987754e-01 1.609155416632894464e-01 2.350855537898571823e-02 1.213966101802285147e-01 1.294792270859374678e-02 7.176878481564820111e-01 3.645647808757946501e-02
1.270000000000000000e+02 2.103570533272526575e+02 4.666075610988406730e+00 1.825567540634966068e+00 2.885910300762357106e-01 1.857005195746084780e+01 1.493262808757458870e+00 1.052331394026586651e+02 1.539120939044585157e+01 1.662002037546861821e+00 4.017305132384029753e-01 1.715091913322144834e-01 1.819287878047002108e-02 1.094429123318183678e-01 1.608816941937961029e-02 7.190478963359672182e-01 3.428104819984963136e-02
