8796097943547
8796099276759
8796110731535
8796103120247
8796105283208
8796097967338
8796106547366
8796104681503
8796099051535
6258160395902
8796096284055
6258110801457
8796102734826
8796100272501
8796091926294
8796105080566
6258111617480
6258145807982
8796095800722
8796095869166
8796097318385
8796110601985
8796109015500
8796112852329
8796091445539
8796103190185
8796111257179
8796101342715
8796111193691
8796096906141
8796110170555
8796093605047
8796093467282
8796109500152
8796099332629
8796094413343
8796103107585
8796093298523
8796101214004
8796093854134
8796108852606
8796112454203
8796095696888
8796094348279
6258151554752
8796100440638
8796098411217
8796102000518
8796100084440
8796112741607
8796106967257
8796106096888
8796089892334
6258136649973
8796098543206
8796092779119
8796101628958
8796103865192
8796099457928
8796108175257
8796101781622
8796111847089
8796106809603
8796109332381
8796093016427
8796094748673
6258152821546
8796108660898
6258137795838
8796105529052
8796104008144
8796110520754
8796093673157
8796110131004
8796099500217
8796108344121
8796104514217
8796110283342
8796100666868
8796099389276
8796108268903
8796102420621
8796107900146
8796101927614
8796101102238
8796102904783
8796091413573
8796096534798
8796097357546
8796099123124
8796101555024
8796093435569
8796099058226
8796098073069
8796107768017
8796090376915
8796094060693
8796094167068
8796094170967
8796094181288
8796093572508
6258146795912
8796096374064
8796104159169
8796096933723
8796099614102
6258154013117
8796098264443
8796103572598
8796109610538
8796099132091
8796111147722
8796109252404
6258145322661
8796105768358
8796101824468
8796097563110
8796111231917
8796110285266
6258144479774
8796103292389
8796100550286
8796099949509
8796109054850
8796100753451
6258153914089
8796096281497
8796106917461
8796101158044
8796096272396
8796094758890
8796101962538
8796096381001
8796101832433
8796100071252
8796110672072
6258148854462
8796102168467
8796105409393
8796090158730
8796108483338
8796097278966
8796098826813
6258137546069
8796096541409
8796093922623
8796109685466
6258160517337
8796107374207
8796101217480
8796098349832
6258160140046
8796099557698
8796093578222
8796096394695
6258137361872
6258145710256
8796095807206
8796106002094
8796100233641
8796099441149
6258144242359
8796090147158
6258113024771
8796093825265
8796112636065
8796091759275
8796097792032
8796102707093
6258141464856
8796108534090
6258146854142
8796108589441
8796107064397
8796111516039
8796093798088
6258159781449
8796108860177
8796106740952
8796097482471
8796094143749
8796098384517
8796092777358
8796102126505
6258160519664
8796092221333
6258148511527
8796093462616
6258152842474
8796092628043
8796108498364
8796103659248
6258143748026
8796092526442
8796107586736
8796108732698
8796101585141
8796107122144
8796107095936
8796111660850
8796108764554
6258159805521
8796102170361
6258143838850
8796100163707
8796095963467
8796100943019
8796094515183
8796094616222
8796106850855
8796105259666
6258138004683
8796097720658
8796100628821
8796099335334
6258159677118
8796093287398
8796107059353
8796096132321
8796100416907
8796094690169
8796110714971
8796099872358
6258160008934
8796103763623
8796100304250
8796099068147
8796092542629
8796101394794
8796095372896
8796095467650
8796091598201
8796094013190
8796096986456
8796097109390
8796098060541
8796090575921
6258144025010
8796093164389
8796096025336
8796100331429
8796097618218
6258143837350
8796109835515
8796108764445
8796100654263
8796093180021
8796100618667
8796104093759
8796099571048
8796094187918
6258160926235
8796107370168
8796110175308
6258136614404
8796112509282
8796102572085
8796103303746
8796091204012
8796092468676
8796106319621
6258151918747
8796093875905
8796103069044
8796096267787
6258161439440
8796097238747
8796092154359
6258160835879
8796105128935
8796099026355
8796098721235
8796102792697
8796094645446
8796099773628
6258061228088
8796098588327
8796100819097
6258143454747
8796109587925
8796094598583
6258145988586
6258152679061
6258157541167
6258135442155
8796103092719
8796095553568
6258146231651
8796107294859
8796108084136
8796103411327
8796093667540
8796112310917
8796108810996
6258144141875
8796109477901
8796105026256
8796103188052
8796105614810
8796110028392
6258136946463
8796105875577
8796104258206
8796107235313
8796094928565
8796101720891
6258146250835
8796101964662
8796101017759
8796111174168
8796105516650
6258136778462
8796096830012
8796095839426
8796096814610
6258138051814
8796097704586
8796107463578
8796098979493
8796111635367
6258151920738
8796111329440
8796101335556
8796100541534
8796098668823
8796096583704
8796109953238
6258111506783
8796102929662
8796107948613
8796099486298
8796106656030
8796099708574
6258145080209
8796099227566
6258111652433
8796102153736
8796097170952
8796108928165
8796104046036
8796096952918
8796099535281
6258143324921
8796094887943
8796095467651
8796090561631
8796094980594
8796093109677
8796102074333
6261695284010
8796102230694
8796106151993
8796103229875
8796111952253
8796101134226
8796098938582
8796102450109
8796090176488
8796092062680
8796098238588
8796106483323
8796094071865
8796089383285
8796092090051
8796107209626
8796101334239
8796095597415
8796096370521
6258148058754
8796098855951
8796098990789
8796105902101
8796091816769
6258147015143
6258136845535
8796104150459
8796099339033
8796099123553
8796106851475
8796109608946
8796091477650
8796102706970
8796110182835
8796110429551
8796111506350
8796099002743
8796096136148
8796094773417
8796102713870
8796109157959
8796101083756
8796104996759
8796101274291
8796098534385
8796102041122
8796089743704
8796108807776
8796110583058
8796108081485
8796105221906
8796096225547
8796097732899
8796103721796
8796106292695
6258152671653
8796111148518
8796096061835
8796108892327
6258137995598
8796094167952
8796111991848
6258157605720
8796110831320
8796101371105
8796101591518
8796104806914
6258159416979
6258136649353
8796104716107
8796100784265
6258148875300
6258151737671
8796101141843
8796103266447
8796099691384
8796099078743
8796097663284
8796110006564
8796099413363
8796102243782
8796090093902
8796096028846
8796097470835
8796100568357
6258135611945
8796092587634
8796099062128
8796110765879
8796106134306
8796097673071
8796091490368
8796104419118
8796101416380
8796108607591
6258148921119
8796101457395
8796099258520
6258159377109
6258152776332
6258144904887
8796095215886
6258149889629
8796099421726
8796094615366
8796110658243
8796111657554
8796102927318
8796104930515
6258145510989
8796092664415
8796093957627
8796106134129
8796096304649
8796090841013
6258160032865
8796103959771
8796104284277
8796107303756
8796101238999
8796103846052
8796111792040
8796100681033
8796100726228
8796099459980
8796106791829
8796095372894
8796106062986
8796101839723
8796108646148
8796100583468
8796106703267
6258146059068
8796101629805
8796094372023
8796110284169
8796100789205
8796107288562
8796098196287
8796111332495
6258145085754
8796113336749
6258157414688
8796091684465
8796109071331
8796099069253
8796110175722
8796104057641
6258152059182
6258145585318
8796091713725
8796096091341
8796102072325
8796099130436
6258160007595
6258143763752
8796100901384
6258143204691
8796094173597
8796111500673
8796107765495
8796102859005
6258148081592
8796107799953
8796093435245
6258144142159
8796093293434
8796110183179
8796106326011
8796099656104
8796093740103
8796098752252
8796107229020
8796097280702
8796092204404
8796096941984
8796094489705
8796097367606
6258111034521
8796102242834
8796099609394
6258137039661
8796107738135
8796100895414
8796093425833
6258151665495
8796097050953
8796098642643
6258137525601
8796093582378
6258161506775
6258157376842
8796107151340
8796094760513
8796090839080
8796104831130
8796097440207
8796099474781
8796101480842
8796091916544
8796097093815
8796094456169
6258159464411
8796101441207
8796104118210
8796100528771
8796101182233
8796101014467
6258136555136
8796102853425
8796093746970
8796106120878
8796105678134
8796112108923
8796101906471
8796105572480
8796098797713
8796099263388
8796094986132
8796109568908
8796100688144
8796101362519
8796108889152
8796107050002
6258159611274
8796099286566
8796107808469
8796096170992
8796094112525
8796104386293
8796097007180
8796101381884
6258135591003
8796104456098
8796098971271
8796103940952
8796101266522
6258138041486
8796092099228
8796092778291
8796095195274
8796101724776
6258136615600
8796098192495
8796109243234
8796110016662
6258145543708
8796098699824
6258151965572
8796094081702
8796100976425
8796105688442
8796094017711
8796097144980
8796092136690
8796102492108
8796108154899
8796110292039
8796102067682
6258160651218
8796107608353
6258143273221
6258151680094
8796109972653
8796102424851
8796100535230
8796094388682
8796099776786
8796096327077
8796108040437
8796094099539
8796104260139
8796100335068
8796104328444
8796109365426
8796097323475
8796095887864
6258159968123
6258152334686
8796105234016
8796091079625
8796098983778
8796091793740
8796098192934
8796099062820
8796106434385
8796094822024
8796090493560
8796101216077
8796111067321
8796091490421
8796102289401
8796106385252
8796111160901
8796091702654
8796103929751
6258148891966
8796099148365
6258145988299
8796093631570
8796106518157
8796100536823
8796094143916
8796095057205
8796094157470
8796091895613
8796097966665
8796090405194
8796110981099
6258136652165
8796108448397
8796100395261
8796108887513
6258135561418
8796112186039
8796097379038
8796096563445
8796105591414
6258159659465
8796108937982
8796107730882
8796104921927
8796100897068
8796089923741
8796108323105
8796101223302
8796099502429
6258145968283
8796100921831
6258145847758
8796097084484
8796090576412
8796095410770
8796095318864
8796090707129
8796106088473
8796092315262
8796103086243
8796096174461
8796099492618
6258136324031
8796095046623
6258160072357
8796101109011
8796092089413
6258110907645
8796101386323
8796101455138
8796108105426
8796104484881
8796104585421
8796107959929
6258137826252
8796099205254
6258159509044
8796097614778
8796111287723
6258138217323
8796107958110
8796096044377
8796110148506
8796110769200
8796103939154
8796112660780
8796094936974
6258139536088
8796097569989
6258160134429
8796097893703
8796097580317
8796102981768
8796092602877
8796091374947
8796096162740
8796096145402
6258158641560
6258157554078
8796098542126
8796100013972
8796100194940
6258129365293
6258154234239
8796099871195
8796094104975
8796099068981
8796098332724
8796099126821
8796096862610
8796105919688
8796098379132
8796102110886
8796097879543
8796099536984
8796096858254
6258138017694
8796096902394
6258161560929
8796094030450
8796100460597
8796101759363
6258135206119
8796097328640
8796098742512
8796092070138
8796097984359
8796098840811
8796095332149
8796089829650
8796109865446
6258143176937
8796102648043
8796093008832
8796105615592
8796100741097
8796103764694
8796097498847
8796099615982
8796105009428
8796091933988
8796098747129
8796100752874
8796100235216
6258145976971
8796102900003
8796099389754
6258159953455
8796098235676
8796095498108
8796090279899
6258154220656
6258159759153
8796095019166
8796101053606
8796097643010
8796089991906
8796100540769
8796096445924
8796096423738
8796099071249
8796095669118
